0
0
0
0
0
0
0
0
0
0
0
0
0
0
0
0
0
0
0
0
0
0
0
0
0
0
0
0
0
0
0
0
0
0
0
0
0
0
0
0
0
0
0
0
0
0
0
0
0
0
0
0
0
0
0
0
0
0
0
0
0
0
0
0
0
0
0
0
0
0
0
0
0
0
0
0
0
0
0
0
0
0
0
0
0
0
0
0
0
0
0
0
0
0
0
0
0
0
0
0
0
0
0
0
0
0
0
0
0
0
0
0
0
0
0
0
0
0
0
0
0
0
6276
7866
4753
6281
6518
4142
4361
5629
6137
7831
4169
4235
4542
9206
8603
8639
7308
7461
4155
-2795
3774
4069
3369
-3078
-5715
-4753
-7389
-7400
-8865
-10767
-12838
-12091
-11430
-13886
-13077
-10791
-8990
-8718
-8865
-8550
-9364
-7884
-8601
-8615
-10952
-11811
-12243
-11174
-11955
-13617
-14799
-12984
-12838
-11046
-13958
-13529
-11442
-11442
-10591
-10219
-10997
-9087
-9261
-9020
-8240
-7434
-6955
-7344
-7720
-9285
-9311
-11464
-11257
-11464
-10920
-9403
-8494
-7287
-7687
-5810
-5200
-4833
-4995
-4387
-2982
3255
3753
3753
3185
-3004
-5185
-11136
-8658
-9297
-6960
-5145
-9570
-6619
-3557
-5800
4525
3115
4273
5039
2956
4244
7719
9993
11660
14603
14894
16608
15554
15093
15128
13653
12706
11296
11826
10829
12706
12706
12759
12706
14144
10634
14360
14180
14894
13254
13733
13855
14894
14894
15290
13762
13498
10260
9900
11442
9126
7719
9250
7469
9129
7838
6412
7738
7073
6504
8189
8463
6862
6639
4723
6624
4839
6876
4335
3610
-2609
7099
6903
4760
3696
3635
-4359
-3379
-3245
-3379
-4525
3753
5321
5039
5810
7345
3908
-3775
-3109
-5511
2982
-3753
3753
3753
3753
-3753
-3837
-4238
-5810
-7208
-5612
-5810
-5185
-5163
-3357
-7866
-5695
-3151
-2982
-3753
-5626
-9261
-8087
-5920
-5604
-4162
-5149
-4043
-2961
-4807
-4439
-3023
-2939
-4602
-3737
3518
-3238
-5535
-4906
-2610
-3357
-3093
-3093
3036
3004
-4356
-4503
-4208
-5909
-5495
-6579
-6611
-5403
-3732
-5542
-5149
-5770
-5414
3875
4057
-5065
-4199
-4767
-5164
-6927
-7237
6705
8923
2725
9172
3766
3343
-2982
-2608
3582
4642
3300
5039
5465
6099
5810
3357
6862
7350
-4954
5810
6940
5810
6484
3687
5633
5810
9922
6985
7866
6256
4469
-4150
-5956
-6326
-4546
-5327
-2690
-4546
-5224
-4819
-3775
3093
2961
2961
-2899
-2630
-2755
5017
6007
6148
5017
4224
-2862
-3453
-5207
-10237
-9202
-6217
-8495
-7263
-8771
-7263
-8706
-8901
-8411
-6867
-7052
-6888
-4274
-5956
-4388
4134
4286
4262
-5150
-4436
-5011
-5928
-6472
-6765
-5493
0
0
0
0
0
0
0
0
0
0
0
0
0
0
0
0
0
0
0
0
0
0
0
0
0
0
0
0
0
0
0
0
0
0
0
0
0
0
0
0
0
0
0
0
0
0
0
0
0
0
0
0
0
0
0
0
0
0
0
0
0
0
0
