0
0
0
0
0
0
0
0
0
0
0
0
0
0
0
0
0
0
0
0
0
0
0
0
0
0
0
0
0
0
0
0
0
0
0
0
0
0
0
0
0
0
0
0
0
0
0
0
0
0
0
0
0
0
0
0
0
0
0
0
0
0
0
0
0
0
0
0
0
0
0
0
0
0
0
0
0
0
0
0
0
0
0
0
0
0
0
0
0
0
0
0
0
0
0
0
0
0
0
0
0
0
0
0
0
0
0
0
0
0
0
0
0
0
0
0
0
0
0
0
0
0
0
0
0
0
0
0
0
0
0
0
0
0
0
0
0
0
0
0
0
0
0
0
0
0
0
0
0
0
0
0
0
0
0
0
0
0
0
0
0
0
0
0
0
0
0
0
0
0
0
0
0
0
0
0
0
0
0
0
0
0
0
0
0
0
0
0
0
0
0
0
0
0
0
0
0
0
0
0
0
0
0
0
0
0
0
0
0
0
0
0
0
0
0
0
0
0
0
0
0
0
0
0
0
0
0
0
0
0
0
0
0
0
0
0
0
0
0
0
0
0
0
0
0
0
0
0
0
0
0
0
0
0
0
0
0
0
0
0
0
0
0
0
0
0
0
0
0
0
0
0
0
0
0
0
0
0
0
0
0
0
0
0
0
0
0
0
0
0
0
0
0
0
0
0
0
0
0
0
0
0
0
0
0
0.0316493
0.02905255
0.02744319
0.02260109
0.02260167
0.02435371
0.02436101
0.02265462
0.02299862
0.02316837
0.02325078
0.02482846
0.02580766
0.02582625
0.02584093
0.02550487
0.02446946
0.02259997
0.02259997
0.02260131
0.02260131
0.0222234
0.02201957
0.02208231
0.02254976
0.0244894
0.02558457
0.0258304
0.0241692
0.02260999
0.02260999
0.02260612
0.02260612
0.02258604
0.04347831
0.07099439
0.09690231
0.09690231
0.09687939
0.09510808
0.08723899
0.08398176
0.08275291
0.08275291
0.06371856
0.05172532
0.05698946
0.05605038
0.04344861
0.02881772
0.02594148
0.02646297
0.0291112
0.03165892
0.03222659
0.03232336
0.03386637
0.03898086
0.03969644
0.03969644
0.03969716
0.03843306
0.03702592
0.03550398
0.03552109
0.0377556
0.05617433
0.09783791
0.1128029
0.1280853
0.1280854
0.1441744
0.1592634
0.1592634
0.1577947
0.1378843
0.1155778
0.1053651
0.07973043
0.0796559
0.05272942
0.03273151
0.02584152
0.0258433
0.03414044
0.04316063
0.0458685
0.05099652
0.05021073
0.04969356
0.0402229
0.0321997
0.02582062
0.02582062
0.04297203
0.05902683
0.05902684
0.05949778
0.0550993
0.03023746
0.02629687
0.02584076
0.02582897
0.02308247
0.02213764
0.01996516
0.01996516
0.01960449
0.01888952
0.01780302
0.01763402
0.01750723
0.01750723
0.01893913
0.01979782
0.01979782
0.0198014
0.0204143
0.02257618
0.02262641
0.02262641
0.02205588
0.02014647
0.02006553
0.01999401
0.01989189
0.01948907
0.01936106
0.01936106
0.01935494
0.01936266
0.01918226
0.01851279
0.01769442
0.01882457
0.02232223
0.02654374
0.02775558
0.02709069
0.02546815
0.02062324
0.01722915
0.0172164
0.01819926
0.01967582
0.02196988
0.02204274
0.02183373
0.02095469
0.01931389
0.01721568
0.01721568
0.0172284
0.01865266
0.01959069
0.02006503
0.01950031
0.01938657
0.01933542
0.01910967
0.01895145
0.01893991
0.01893991
0.01813795
0.01721357
0.01721357
0.02186872
0.03777503
0.06670628
0.07099548
0.06724896
0.05777172
0.03217396
0.02851058
0.02584071
0.02583615
0.03104617
0.03824122
0.04626002
0.04626002
0.04186818
0.03522444
0.03269078
0.03002165
0.03044498
0.03290528
0.02978122
0.0290315
0.02609059
0.02586415
0.02586415
0.02934393
0.03189377
0.0326996
0.03301853
0.02873497
0.02676228
0.02584217
0.02585272
0.02585272
0.02583799
0.02819263
0.03504635
0.03550578
0.03103016
0.03049091
0.03052298
0.02499604
0.02824338
0.04314706
0.05221584
0.05217535
0.04951188
0.03983223
0.03368146
0.02460622
0.02379699
0.02312225
0.01904163
0.01721069
0.0215518
0.02605737
0.02833433
0.03084865
0.03921567
0.04412119
0.04412135
0.04151174
0.0381147
0.03766876
0.03259429
0.03124388
0.02663343
0.02571156
0.02302844
0.02582972
0.02583505
0.02585256
0.02585256
0.02582872
0.02582872
0.02581656
0.02580826
0.02580826
0.04412133
0.05156723
0.08069433
0.1172233
0.1133359
0.06694506
0.03023485
0.03868157
0.04514949
0.05251642
0.07102247
0.07102247
0.05669676
0.04336938
0.03850327
0.03328729
0.03431795
0.0587865
0.06171165
0.03131132
0.02584427
0.03894939
0.05275194
0.05272464
0.05272464
0.05280079
0.04416564
0.04416564
0.04414441
0.04414441
0.03164736
0.02095151
0.01723954
0.01823707
0.01935695
0.02968806
0.04306288
0.05805869
0.06889445
0.07965188
0.07961694
0.05827155
0.03673358
0.02856047
0.02259744
0.02089131
0.02089252
0.0226204
0.03054089
0.04620669
0.05350204
0.06130498
0.06138212
0.06140961
0.05090193
0.03263499
0.02842976
0.02582064
0.02582064
0.0258137
0.0258137
0.02512594
0.02260363
0.02260363
0.02261029
0.02222023
0.01827315
0.01720124
0.01722056
0.01770472
0.01875741
0.01938088
0.01938088
0.01884387
0.01721686
0.01723392
0.01722261
0.01722261
0.01722459
0.0183303
0.01821705
0.01721191
0.01721191
0.01720918
0.01721085
0.01721085
0.01935924
0.0188631
0.01721768
0.01723348
0.01723348
0.01399533
0.01468912
0.01719803
0.01722161
0.01722085
0.01722085
0.01721644
0.01722999
0.01722999
0.01936555
0.01937233
0.01937233
0.01763348
0.01739174
0.01937707
0.0193633
0.01937461
0.01937461
0.01870592
0.01779169
0.01722556
0.01721577
0.01721577
0.01722154
0.01797435
0.01886983
0.0193704
0.01936781
0.01936781
0.01939182
0.01939182
0.01786273
0.01722497
0.01734807
0.01887623
0.01939671
0.01937822
0.01937822
0.0193822
0.0193822
0.01938712
0.01935879
0.01935879
0.01937789
0.01937789
0.01938352
0.01938516
0.01938516
0.01841241
0.01721027
0.01721027
0.01721201
0.01721247
0.01721247
0.0172206
0.0172206
0.01727734
0.0189002
0.02063365
0.02261232
0.02260644
0.0212101
0.01938085
0.01937734
0.01937734
0.01872436
0.01808032
0.01724085
0.01724871
0.01724871
0.01721917
0.0179174
0.01937042
0.01937929
0.01937814
0.02000673
0.02168977
0.02166186
0.02166186
0.02145134
0.0201203
0.01912829
0.01881473
0.01881473
0.01915175
0.01966989
0.02118431
0.02159694
0.02127707
0.01965798
0.01797844
0.01721796
0.01739037
0.01855174
0.0189708
0.01938924
0.01937597
0.01937567
0.01937567
0.01935755
0.02176264
0.02262
0.02260041
0.02260041
0.02261526
0.02260613
0.02260613
0.02261047
0.02251166
0.02178795
0.02160515
0.021827
0.02260012
0.02258434
0.02258434
0.02259359
0.02258645
0.02209085
0.02151427
0.02152763
0.02152763
0.02151648
0.02151649
0.02213691
0.02258861
0.02260386
0.02260386
0.02199607
0.01992701
0.0193765
0.02060477
0.02282435
0.0251545
0.02584766
0.02584329
0.02581542
0.02582582
0.02582582
0.02583732
0.02511506
0.02259698
0.02257947
0.02257947
0.02260317
0.02258435
0.02258435
0.02242731
0.02150654
0.02150262
0.02175279
0.02232981
0.02253134
0.02008805
0.0193708
0.02259519
0.02261477
0.02261477
0.02844975
0.02958799
0.03553611
0.03552143
0.03552143
0.03552262
0.03554863
0.03554863
0.03555452
0.04187376
0.04416878
0.042318
0.03535483
0.03060655
0.0264718
0.0243512
0.02461622
0.02581917
0.025575
0.02123596
0.01938548
0.01933167
0.01930081
0.01937623
0.02261206
0.02261797
0.01999853
0.01938009
0.01872231
0.01721346
0.01974711
0.02258987
0.02258987
0.0217542
0.01939093
0.01723638
0.0172302
0.01723129
0.01743584
0.01932675
0.01764014
0.01719951
0.01719797
0.02259623
0.02259623
0.01722454
0.01722027
0.01723364
0.01720587
0.01720587
0.01723274
0.01723274
0.0172162
0.0172125
0.0172125
0.01722256
0.01721931
0.01721931
0.01937043
0.0193786
0.01939469
0.02086836
0.022605
0.022605
0.02260615
0.02259589
0.02259589
0.02258036
0.02257674
0.02087849
0.0193069
0.01797182
0.01721328
0.01722098
0.01726856
0.01722498
0.01721943
0.01721943
0.01862111
0.01935408
0.01720362
0.0156953
0.01402495
0.01721066
0.01721973
0.01721973
0.0171958
0.01808592
0.01934987
0.01936275
0.01873382
0.01721102
0.01720426
0.01721535
0.01721535
0.0172239
0.01720789
0.01720789
0.01841207
0.02139543
0.02257529
0.0201854
0.01722899
0.0172265
0.01720895
0.01720895
0.01722148
0.01721775
0.01721775
0.01782301
0.01793673
0.01721609
0.01721978
0.01465104
0.01400371
0.01398942
0.0146302
0.01853471
0.02133592
0.02259263
0.01858879
0.01722592
0.01722592
0.01722285
0.01722285
0.01750973
0.01935163
0.01935163
0.0193632
0.02258057
0.0225441
0.01964608
0.01936981
0.01937984
0.01721371
0.01721371
0.01891338
0.01974266
0.02252665
0.02259117
0.02186638
0.01937101
0.01878862
0.01757581
0.01721731
0.01735588
0.0337793
0.03638994
0.05198657
0.0826039
0.08499995
0.04415273
0.03206223
0.02264025
0.02259505
0.01762162
0.025961
0.03052628
0.03504498
0.04493729
0.08828488
0.08824825
0.09594531
0.09629708
0.07637016
0.07260015
0.04220758
0.0312258
0.03372105
0.05119067
0.0586852
0.07972355
0.07964317
0.07964317
0.07962936
0.07971883
0.07971884
0.05869011
0.03531361
0.0203835
0.02203569
0.02818952
0.0355338
0.04854954
0.06314976
0.1121204
0.08862662
0.04475022
0.04211225
0.03036579
0.01738943
0.0204958
0.02041005
0.01935713
0.0180416
0.01826012
0.01935276
0.01936037
0.021923
0.02259828
0.02261361
0.02208814
0.02153023
0.02152423
0.02178325
0.02430547
0.02320326
0.02229834
0.01998115
0.02254659
0.02537837
0.02540286
0.0236526
0.01938423
0.02069796
0.02260856
0.02571837
0.0258426
0.02576704
0.02500569
0.02259337
0.02259337
0.02258806
0.02261007
0.01938006
0.01937109
0.01936665
0.01936665
0.01938725
0.01938725
0.01936799
0.01936978
0.02066764
0.02250382
0.02249252
0.02425957
0.0231433
0.01937657
0.01936623
0.01936512
0.01937716
0.01937716
0.01937564
0.01766865
0.01763922
0.01798084
0.01837803
0.01740998
0.01722577
0.01722577
0.01722894
0.01722039
0.01864657
0.02026096
0.02128521
0.01825026
0.01723164
0.01723164
0.01722059
0.01991731
0.02260325
0.02258133
0.02258133
0.02259276
0.0225896
0.02062123
0.01936976
0.01953337
0.02151565
0.02259467
0.02259667
0.02259667
0.02257256
0.02259704
0.02259704
0.02258157
0.02177488
0.01918957
0.01888482
0.0184134
0.0184134
0.01845833
0.02092753
0.02213833
0.02216679
0.02216679
0.02214709
0.01948687
0.01721561
0.01721561
0.01758023
0.01898687
0.02109331
0.02245493
0.02213794
0.02215266
0.02215272
0.02042616
0.0202061
0.02124224
0.02804926
0.03961795
0.04796651
0.04850449
0.04467958
0.0343556
0.02374394
0.02291924
0.02258803
0.02310481
0.02452189
0.02554848
0.02579926
0.02354592
0.02024312
0.01721656
0.01721656
0.01720757
0.01720485
0.01855194
0.01983253
0.0205476
0.02045758
0.02026448
0.02026448
0.02031619
0.02020166
0.0203562
0.02050303
0.02072094
0.02072094
0.02073379
0.02138866
0.02263666
0.02485649
0.02507202
0.02322051
0.01993299
0.01906047
0.01835421
0.01752882
0.02867281
0.04917496
0.08162842
0.08177398
0.07723596
0.05560628
0.03829695
0.02726296
0.02746685
0.02746685
0.02725547
0.02582363
0.02583816
0.02583465
0.03292408
0.04901797
0.05235894
0.05399029
0.05813102
0.07332199
0.07739086
0.08035614
0.08717256
0.0724
0.05812627
0.0426208
0.0426208
0.03830537
0.03200736
0.0227466
0.02066508
0.02049074
0.02072181
0.02352352
0.02583793
0.02581664
0.02581664
0.02578849
0.02581205
0.03328774
0.03917019
0.04149647
0.0981704
0.1396529
0.1568654
0.1543683
0.0904148
0.04921152
0.03667873
0.02583202
0.02499511
0.02246496
0.0181698
0.0172111
0.01794882
0.01891036
0.02562682
0.0313796
0.03134147
0.0370075
0.04786334
0.05867434
0.0607889
0.06134857
0.06134857
0.0457582
0.03024532
0.01767395
0.01840006
0.01779135
0.01725253
0.01724225
0.01722384
0.01722384
0.01722661
0.01722661
0.01720856
0.01731345
0.01915822
0.01937835
0.01937355
0.01937355
0.0193726
0.01831865
0.01756865
0.01724412
0.01721983
0.01743382
0.0181691
0.01889624
0.01927141
0.01937369
0.02098776
0.0225927
0.02260756
0.02260756
0.02259863
0.02259206
0.02259206
0.02260622
0.02258581
0.02258581
0.02044251
0.01942731
0.0172183
0.01722078
0.01798454
0.01937425
0.01939145
0.01938898
0.02011737
0.0224591
0.0226118
0.02260105
0.02261315
0.02433426
0.02584568
0.02582046
0.02582046
0.02377842
0.01932531
0.01870367
0.0184933
0.0184933
0.01915934
0.02010153
0.02112135
0.0211671
0.02116937
0.02033252
0.01937255
0.01937255
0.01936187
0.01922532
0.01751495
0.01723425
0.01722034
0.01722034
0.01836232
0.0193754
0.01936253
0.01938251
0.01833529
0.01732827
0.01723076
0.01723076
0.01720176
0.01720176
0.01952334
0.02067174
0.02062067
0.02062067
0.0209466
0.02104735
0.02115856
0.02124706
0.02101051
0.01966482
0.01938179
0.01938179
0.01937278
0.02023191
0.02124032
0.02152719
0.02194226
0.02262451
0.0225999
0.0225999
0.02260732
0.02192335
0.01977451
0.01938323
0.01938235
0.01938235
0.01858186
0.01819733
0.01811363
0.0181105
0.01785227
0.01726147
0.01822035
0.01847213
0.01838951
0.01866477
0.0201014
0.02333571
0.02567848
0.02583141
0.02406749
0.02297344
0.02110211
0.02012699
0.02012699
0.02032362
0.01900796
0.01723658
0.01725954
0.02085038
0.02474747
0.0277167
0.0277168
0.02666245
0.02347184
0.02007676
0.01954179
0.01971504
0.02007724
0.02117168
0.02217871
0.02217871
0.02211512
0.02534535
0
0
0
0
0
0
0
0
0
0
0
0
0
0
0
0
0
0
0
0
0
0
0
0
0
0
0
0
0
0
0
0
0
0
0
0
0
0
0
0
0
0
0
0
0
0
0
0
0
0
0
0
0
0
0
0
0
0
0
0
0
0
0
0
0
0
0
0
0
0
0
0
0
0
0
0
0
0
0
0
0
0
0
0
0
0
0
0
0
0
0
0
0
0
0
0
0
0
0
0
0
0
0
0
0
0
0
0
0
0
0
0
0
0
0
0
0
0
0
0
0
0
0
0
0
0
0
0
0
0
0
0
0
0
0
0
0
0
0
0
0
0
0
0
0
0
0
0
0
0
0
0
0
0
0
0
0
0
0
0
0
0
0
0
0
0
0
0
0
0
0
0
0
0
0
0
0
0
0
0
0
