0
0
0
0
0
0
0
0
0
0
0
0
0
0
0
0
0
0
0
0
0
0
0
0
0
0
0
0
0
0
0
0
0
0
0
0
0
0
0
0
0
0
0
0
0
0
0
0
0
0
0
0
0
0
0
0
0
0
0
0
0
0
0
0
0
0
0
0
0
0
0
0
0
0
0
0
0
0
0
0
0
0
0
0
0
0
0
0
0
0
0
0
0
0
0
0
0
0
0
0
0
0
0
0
0
0
0
0
0
0
0
0
0
0
0
0
0
0
0
0
0
0
0
0
0
0
0
0
0
0
0
0
0
0
0
0
0
0
0
0
0
0
0
0
0
0
0
0
0
0
0
0
0
0
0
0
0
0
0
0
0
0
0
0
0
0
0
0
0
0
0
0
0
0
0
0
0
0
0
0
0
0
0
0
0
0
0
0
0
0
0
0
0
0
0
0
0
0
0
0
0
0
0
0
0
0
0
0
0
0
0
0
0
0
0
0
0
0
0
0
0
0
0
0
0
0
0
0
0
0
0
0
0
0
0
0
0
0
0
0
0
0
0
0
0
0
0
0
0
0
0
0
0
0
0
0
0
0
0
0
0
0
0
0
0
0
0
0
0
0
0
0
0
0
0
0
0
0
0
0
0
0
0
0
0
0
0
0
0
0
0
0
0
0
0
0
0
0
0
0
0
0
0
0
0
0
0
0
0
0
0
0
0
0
0
0
0
0
0
0
0
0
0
0
0
0
0
0
0
0
0
0
0
0
0
0
0
0
0
0
0
0
0
0
0
0
0
0
0
0
0
0
0
0
0.05388502
0.08397257
0.08372368
0.08409237
0.09013989
0.07936437
0.05015918
0.03973791
0.03082231
0.02769477
0.02868575
0.02939955
0.02938499
0.02938499
0.03239534
0.03440841
0.03619595
0.03954489
0.03965228
0.03852065
0.03460601
0.03234576
0.03001865
0.0284704
0.02841678
0.02937697
0.02937957
0.02937957
0.02939141
0.02815097
0.02772992
0.02945312
0.03126163
0.03266118
0.0353909
0.03721399
0.03863442
0.04154395
0.0498594
0.05408706
0.04472717
0.03029081
0.03431365
0.08217926
0.1265043
0.132972
0.09193815
0.03421973
0.03206219
0.03190655
0.03020476
0.02936966
0.03576121
0.04333514
0.04884145
0.05488911
0.06135644
0.06683587
0.06607725
0.04753128
0.04115282
0.04115818
0.04113537
0.04112646
0.04112645
0.04110731
0.04110731
0.04192186
0.04438855
0.05542106
0.05540437
0.05547317
0.05614094
0.0580462
0.06030676
0.06219753
0.06211985
0.05071772
0.04366282
0.04118679
0.0421638
0.04714458
0.04372517
0.03964647
0.03578268
0.03548166
0.03663147
0.03864144
0.03885228
0.04154847
0.04722631
0.04783897
0.04628847
0.04226918
0.04115175
0.04113695
0.05323065
0.057124
0.08055728
0.1001893
0.1005677
0.07417812
0.04602432
0.03441132
0.03816615
0.04298618
0.04449224
0.04326455
0.04141177
0.03514005
0.03443619
0.03585466
0.03635027
0.03893394
0.04783992
0.04873059
0.05711908
0.06348266
0.07217551
0.06720293
0.04357658
0.03440357
0.03542747
0.03985611
0.04113882
0.0353584
0.03109083
0.0277285
0.02772832
0.03305019
0.04625253
0.04790292
0.03922139
0.03424061
0.03199064
0.03507039
0.04113784
0.0411689
0.04114725
0.04114724
0.04532314
0.05247131
0.05541968
0.05829244
0.05670281
0.0562823
0.0560334
0.05297388
0.0402544
0.03646175
0.05360888
0.09725121
0.1033932
0.09182109
0.06215774
0.04699505
0.04415077
0.0344232
0.0344232
0.0409748
0.05416948
0.05711387
0.05239212
0.04806419
0.04441426
0.03586471
0.03244961
0.03217395
0.03292889
0.05475491
0.07932203
0.07669291
0.04292212
0.03438419
0.03330621
0.0276985
0.02767239
0.03205871
0.035899
0.04296922
0.04562916
0.04774818
0.05159692
0.05159483
0.04072503
0.04090322
0.04090321
0.04506922
0.07637478
0.07749055
0.07101651
0.05036216
0.04787873
0.04454423
0.04034403
0.03803745
0.03658291
0.0364447
0.03544075
0.03994172
0.04558622
0.04614347
0.04377918
0.03762227
0.03696863
0.0604859
0.07162219
0.07496064
0.07421028
0.05694217
0.04377291
0.0420287
0.03877961
0.03788256
0.03798958
0.0457573
0.05159607
0.04784957
0.04755864
0.04754345
0.04873886
0.05666284
0.06103881
0.06348854
0.07484271
0.07862791
0.06727421
0.0519012
0.0437731
0.04080674
0.03790174
0.04434684
0.04972381
0.04917914
0.04738137
0.0478416
0.03588765
0.03442194
0.05198094
0.08113541
0.1199785
0.1433416
0.1271805
0.08614746
0.04820104
0.0374325
0.03441213
0.03441213
0.03442626
0.0347795
0.03585545
0.04114836
0.04114836
0.04117804
0.04115171
0.04242546
0.05149239
0.05953223
0.06115
0.0610191
0.06103035
0.06123825
0.04785614
0.03757018
0.03439188
0.03441664
0.03441665
0.0363047
0.04835277
0.05896873
0.08692066
0.08684866
0.08929747
0.09057674
0.08168024
0.05653753
0.05250675
0.05230566
0.05230566
0.05105743
0.0485255
0.04415287
0.04585183
0.04564868
0.04402491
0.04371102
0.04162528
0.03549457
0.03348192
0.03348192
0.0338484
0.0338484
0.03372489
0.041362
0.05246438
0.05544869
0.0554022
0.055186
0.05408547
0.03956204
0.02569398
0.02411679
0.02425599
0.02425599
0.02574806
0.02737416
0.02756477
0.0277237
0.0277237
0.02770721
0.03177195
0.03989109
0.05116849
0.05166204
0.05561989
0.05721572
0.05721572
0.05722165
0.05775004
0.05837057
0.05840347
0.05824409
0.05021483
0.04177273
0.03550314
0.03408743
0.03299407
0.03299407
0.03297103
0.04395561
0.05632
0.06327884
0.06375872
0.06741638
0.06743519
0.05589162
0.04265922
0.04078464
0.04078464
0.0419957
0.04279249
0.03994767
0.03686821
0.0375265
0.03808949
0.03835599
0.0387716
0.041065
0.04703458
0.0478835
0.04788349
0.04787873
0.0451734
0.0451734
0.04448115
0.04183898
0.04118818
0.04116336
0.04116402
0.04066577
0.03907913
0.03832905
0.03842023
0.03805477
0.03737847
0.03729714
0.04185054
0.04872211
0.04868329
0.04876547
0.04876547
0.0504129
0.05072606
0.05498936
0.05427453
0.05115911
0.05092225
0.05085902
0.05324072
0.05542358
0.05544918
0.05544918
0.05718691
0.05871985
0.06440496
0.0664078
0.06470436
0.06340218
0.06299397
0.06299397
0.05795333
0.05145416
0.05134177
0.05120861
0.05038166
0.05038166
0.05016574
0.04548521
0.04185406
0.04192079
0.04192079
0.04320294
0.04470034
0.04674376
0.04816254
0.04765791
0.04759743
0.04798081
0.0454214
0.04479036
0.04785092
0.04780932
0.04780932
0.04526718
0.04363967
0.04081745
0.03492544
0.02659307
0.02651201
0.02651201
0.02958949
0.03057676
0.03070831
0.03070831
0.03056014
0.03056014
0.03093781
0.03793562
0.04688209
0.04581905
0.04132507
0.04114031
0.04114406
0.04705335
0.05855176
0.06055241
0.05440402
0.03861644
0.03872794
0.04515771
0.05962751
0.07084694
0.07554073
0.07563383
0.07061837
0.04800878
0.02898653
0.02770767
0.04153967
0.06684466
0.08033773
0.07090266
0.06069127
0.05116548
0.04122121
0.03905849
0.03860209
0.04472835
0.05406247
0.06102927
0.05847532
0.03896365
0.03695962
0.03337517
0.0298764
0.02767985
0.02770572
0.02770572
0.02770679
0.02770385
0.03476569
0.04113151
0.04871231
0.06997427
0.08207545
0.08314603
0.08314602
0.08311098
0.07649951
0.05769957
0.04492075
0.03863426
0.0386069
0.04000957
0.04113432
0.03979699
0.03615263
0.03615263
0.03878748
0.04114937
0.04472926
0.05217715
0.05514478
0.05831898
0.06885882
0.06885882
0.06885482
0.06050668
0.03981495
0.0268867
0.0268867
0.02170001
0.02016933
0.02273123
0.02689257
0.03148055
0.03443426
0.03439087
0.03439087
0.03439415
0.03441297
0.03441297
0.03441408
0.03443087
0.03443087
0.0344351
0.02911948
0.02771602
0.02771677
0.02771677
0.02772889
0.02772695
0.03499956
0.03611216
0.03789552
0.04170414
0.04452788
0.04455207
0.05318135
0.05542435
0.05847612
0.08035912
0.09600177
0.09459719
0.06663036
0.03709582
0.02771484
0.02771551
0.02770657
0.02770657
0.02770625
0.03443537
0.03607373
0.03610618
0.03513239
0.03755212
0.05875153
0.08252855
0.08312783
0.07228844
0.04009711
0.02770824
0.02768894
0.02768894
0.02772788
0.02771852
0.03001097
0.03443899
0.03648535
0.03865203
0.03867263
0.03867263
0.03472086
0.03442365
0.03442365
0.03535488
0.0428049
0.04239633
0.04139859
0.04112247
0.03780985
0.0342264
0.0277057
0.0277057
0.02830189
0.0352389
0.03609543
0.03673054
0.04113721
0.04115581
0.04115581
0.04274179
0.041645
0.04812375
0.06800918
0.06907365
0.06372375
0.04055521
0.03523506
0.03585484
0.03611756
0.03507387
0.03423518
0.02907202
0.02773752
0.02925869
0.03962015
0.04113851
0.05160116
0.06446786
0.06883097
0.06654207
0.06053576
0.05791229
0.05338074
0.03817657
0.02519379
0.02461606
0.02267309
0.02268364
0.02715668
0.03358223
0.03913533
0.04030094
0.03596295
0.03454654
0.04589044
0.06647876
0.07552042
0.07552042
0.07551423
0.06637895
0.06640136
0.05020137
0.04178805
0.03350101
0.03127255
0.02771843
0.02818892
0.03573186
0.05356593
0.05216302
0.04084933
0.02770342
0.03298241
0.04641458
0.05415265
0.05541666
0.0578616
0.06220263
0.05832807
0.04931134
0.0407124
0.03055363
0.02846587
0.02770831
0.03075578
0.03838428
0.04784437
0.04784437
0.04461901
0.03836276
0.03850606
0.0519265
0.06737297
0.07383021
0.04792153
0.03302741
0.02771328
0.03465606
0.04597323
0.05158355
0.04278816
0.02012702
0.02012702
0.02768965
0.03523771
0.03861227
0.03837314
0.03611287
0.03611289
0.04189017
0.044729
0.04641463
0.04205851
0.03356075
0.02836022
0.03397469
0.0408904
0.04786824
0.0451516
0.03537954
0.02857604
0.03222533
0.03645317
0.0411575
0.04178326
0.04459854
0.04656788
0.0491515
0.0551867
0.05540181
0.04829714
0.03672468
0.03028582
0.03470839
0.03605917
0.03714305
0.03737337
0.03412079
0.03067336
0.03080808
0.0308184
0.0308184
0.03669765
0.04665193
0.04787887
0.04673545
0.04348928
0.03859714
0.03861206
0.03531333
0.03510636
0.03509148
0.03440512
0.03394382
0.03135189
0.02937531
0.0299669
0.0308199
0.0308199
0.03146502
0.03377372
0.05360957
0.06634076
0.056118
0.04573875
0.04160601
0.04348953
0.04505778
0.04762321
0.04536813
0.03207461
0.02766386
0.02878768
0.04149476
0.04784511
0.04116259
0.03362543
0.02885301
0.0297802
0.05782124
0.06665003
0.06454434
0.04591341
0.04115336
0.03645169
0.03052542
0.02826527
0.02787762
0.02771835
0.02767734
0.0343871
0.0442061
0.05369982
0.04881879
0.03819152
0.03501721
0.04177002
0.0442277
0.05140091
0.05279784
0.04169996
0.03442058
0.03443216
0.03659328
0.03777059
0.03643852
0.03439954
0.03439953
0.04460191
0.04709974
0.05040002
0.04773761
0.04375985
0.04111373
0.04606439
0.05602518
0.05602518
0.04643322
0.03805958
0.03881592
0.04875855
0.05375324
0.04569912
0.04239903
0.03353894
0.03029222
0.03236273
0.04917226
0.0505629
0.03908911
0.03708018
0.03967045
0.04116591
0.04456564
0.04178543
0.03665432
0.03169762
0.0348632
0.03767382
0.04502342
0.04262856
0.03193657
0.03193657
0.03625854
0.0397465
0.04116306
0.04441518
0.04966582
0.05198983
0.05389136
0.04677711
0.04690005
0.04876775
0.04773058
0.04663646
0.03942044
0.0405049
0.04041599
0.03651785
0.0348496
0.03598377
0.03839901
0.03888242
0.03774098
0.03918603
0.04306484
0.04717713
0.04688275
0.04974095
0.05374085
0.05042289
0.04671233
0.04485761
0.04906408
0.05375657
0.05519241
0.04990898
0.04981105
0.04844638
0.04638787
0.04188445
0.03448288
0.04516728
0.05246072
0.05293815
0.0520122
0.05196473
0.05588588
0.07040435
0.06333718
0.04756476
0.0507882
0.0537063
0.05410676
0.05061778
0.05120006
0.05868133
0.05718954
0.04899166
0.0415334
0.04001487
0.04656163
0.05315857
0.04743329
0.0442374
0.03553135
0.03549805
0.03931572
0.04157979
0.04392997
0.04403224
0.0395745
0.03870276
0.03870276
0.0464946
0.05353747
0.05235873
0.05234203
0.05197851
0.05197851
0.04920608
0.04649305
0.04856178
0.05041401
0.05171724
0.0486085
0.04407637
0.04362328
0.04642187
0.05045881
0.05244229
0.04561219
0.04531962
0.043724
0.03885332
0.03467594
0.03772668
0.04281832
0.04281806
0.04281806
0.04482455
0.04792083
0.04792083
0.04761728
0.04541255
0.05590999
0.06255499
0.06743887
0.06183732
0.05543311
0.05543311
0.05542713
0.04787887
0.04366601
0.05392
0.06167763
0.06853931
0.0619842
0.05860498
0.05707972
0.05485167
0.05072575
0.0475818
0.04667416
0.05459832
0.05538794
0.05205766
0.04546971
0.04111302
0.04112107
0.04112106
0.04247757
0.05363751
0.09496671
0.09993219
0.08781533
0.0766338
0.06374824
0.05810918
0.05204283
0.05326227
0.05269848
0.05154083
0.05057894
0.05215738
0.05649729
0.06228181
0.06379001
0.05628268
0.05260449
0.05219981
0.05243273
0.04869499
0.04785191
0.04783233
0.04783233
0.04657136
0.04644876
0.04644876
0.04638269
0.04317763
0.04317763
0.04430501
0.07296819
0.08569954
0.08744609
0.08536328
0.083423
0.08432823
0.06768807
0.04946409
0.0462116
0.04845782
0.05060628
0.05073534
0.04824436
0.03795431
0.02926087
0.02926087
0.02929405
0.02929364
0.02920103
0.02806646
0.02771727
0.02770783
0.02770783
0.02770335
0.03394816
0.04483462
0.05104732
0.05868057
0.05868057
0.05820566
0.05820566
0.05089688
0.04059654
0.03442592
0.03442592
0.0344475
0.03525803
0.03809569
0.03958793
0.04065111
0.04057444
0.03999571
0.0412788
0.05155259
0.06554937
0.06716636
0.0671026
0.06704643
0.06372338
0.04543033
0.03979765
0.03979765
0.03972791
0.03855696
0.0344461
0.03443723
0.03443723
0.03443768
0.03443271
0.03443271
0.03628067
0.04683501
0.05328167
0.05376511
0.05376511
0.05345094
0.05191762
0.05191731
0.04641251
0.04142226
0.04150601
0.04156984
0.04202069
0.04176895
0.04119466
0.04115581
0.04116454
0.04116454
0.04114161
0.04444538
0.05467527
0.05653472
0.05692302
0.05692302
0.05510828
0.05498632
0.04592482
0.04632853
0.04781807
0.04781807
0.04784153
0.04784153
0.04787532
0.04787959
0.04782089
0.047802
0.04739948
0.05668641
0.06201335
0.06885606
0.06919497
0.06953157
0.06087469
0.0528021
0.04322138
0.03899977
0.03914206
0.03790671
0.04090602
0.0428091
0.04269963
0.04094202
0.03957819
0.03967646
0.04091688
0.04183262
0.04622304
0.05370834
0.05495149
0.05501323
0.05796333
0.06068794
0.06752206
0.08049821
0.07992478
0.08235661
0.08497651
0.08501334
0.07467563
0.05974096
0.05539294
0.05539294
0.05539627
0.05161034
0.04753204
0.04183408
0.04112751
0.04112751
0.041122
0.04286237
0.05895126
0.06593698
0.06736334
0.06888738
0.06731468
0.05954939
0.05036814
0.03592997
0.03443925
0.03470084
0.03854347
0.04323218
0.05217985
0.06054914
0.06219911
0.06548749
0.06739345
0.06504007
0.06090993
0.05543794
0.05124881
0.04168833
0.03591847
0.03439519
0.03439519
0.03441108
0.03440767
0.04232752
0.05720314
0.06891027
0.06522793
0.04213942
0.04112975
0.04112975
0.03944589
0.03860875
0.03860875
0.04044683
0.04008047
0.03816213
0.03428525
0.03188775
0.03190177
0.03139728
0.02800205
0.04232369
0.06157896
0.07216142
0.06521328
0.0570219
0.05270781
0.05058304
0.04789854
0.04306301
0.04412527
0.04530267
0.04724753
0.04322416
0.03443206
0.03442055
0.03986003
0.04039779
0.0442983
0.05207234
0.05512743
0.0543186
0.05026473
0.04632708
0.04501437
0.04474315
0.03877123
0.03643131
0.04069697
0.04427102
0.04495282
0.04210973
0.03246976
0.02816155
0.03068486
0.03608423
0.03608423
0.03883643
0.04112132
0.045005
0.0576648
0.06961602
0.06575342
0.05000684
0.04312315
0.04110641
0.04117136
0.03496891
0.03432356
0.03421281
0.03262764
0.03262764
0.03803341
0.03803341
0.03809505
0.03862184
0.04140711
0.04282388
0.0382471
0.03445901
0.0396546
0.04478449
0.06541178
0.06273355
0.047598
0.04100671
0.03774017
0.04165147
0.04578806
0.04580679
0.04073573
0.03891191
0.0372291
0.04005496
0.04115451
0.04113013
0.04113013
0.04113737
0.04546703
0.05671978
0.06876664
0.07456144
0.07136323
0.05295056
0.04179393
0.03908911
0.03712811
0.03621573
0.0362398
0.03993106
0.04340906
0.05382818
0.06017617
0.06205417
0.05085197
0.03790076
0.04435008
0.04836996
0.0566683
0.0562588
0.0462635
0.04113896
0.04103455
0.04057814
0.03864782
0.03623516
0.03443318
0.03653535
0.03996848
0.03956081
0.03897828
0.03627045
0.03069959
0.02771377
0.03255555
0.04302352
0.06214457
0.05631972
0.04995655
0.0423912
0.04112042
0.04114745
0.0411205
0.04029888
0.03626782
0.03585116
0.04187622
0.04672137
0.05207912
0.04782905
0.04119646
0.0388874
0.04092912
0.04545183
0.04629801
0.03960212
0.03666833
0.02782937
0.0308446
0.03297656
0.04171748
0.04279675
0.03739999
0.03515093
0.0365345
0.03942943
0.03968763
0.03667993
0.03443778
0.03443778
0.03070098
0.0322878
0.03241502
0.03591612
0.04132463
0.0440538
0.04142027
0.03225351
0.0279663
0.0277156
0.02855013
0.03442825
0.03475821
0.03729161
0.03633058
0.03624362
0.03887453
0.04283296
0.04283296
0.04264075
0.04213737
0.04386337
0.04491326
0.04738992
0.04791592
0.04787335
0.05165536
0.04893851
0.04580937
0.04736514
0.04491483
0.04296961
0.04291574
0.04358183
0.05111691
0.0600529
0.05938159
0.05645284
0.04038155
0.03927644
0.04112375
0.04112375
0.04115172
0.04115172
0.04114797
0.04341489
0.05081861
0.05199575
0.04634508
0.03726301
0.03445401
0.04126532
0.07296589
0.07927421
0.08309074
0.07062155
0.06700119
0.0621012
0.0517337
0.02772089
0.02861752
0.03098915
0.04182101
0.04280903
0.04281726
0.04281726
0.04183209
0.04026326
0.03557113
0.04227941
0.0645795
0.08301117
0.06982355
0.05677664
0.03841428
0.03445125
0.03445411
0.03445143
0.03445622
0.03445622
0.03213135
0.03189821
0.03189821
0.03188643
0.03279692
0.03440323
0.03439121
0.03725927
0.04602549
0.06217136
0.06082804
0.04034182
0.02773538
0.02956723
0.03340761
0.03442043
0.03442043
0.03524539
0.03893429
0.04115287
0.04220704
0.04783967
0.04786868
0.05416465
0.06400736
0.07140921
0.07519694
0.08317631
0.08315703
0.05941446
0.04030259
0.03442147
0.03708193
0.04113409
0.04112365
0.04112365
0.03828707
0.03540262
0.03444759
0.03444759
0.03537706
0.05143001
0.08252848
0.0980274
0.09405042
0.08449203
0.07003131
0.05846212
0.03270034
0.02770383
0.02869514
0.03872299
0.03200202
0.03097946
0.02979261
0.02971765
0.03021184
0.03150798
0.03961946
0.03945474
0.03911816
0.03911816
0.03972655
0.0342131
0.03005177
0.0293828
0.0293828
0.0293745
0.03429655
0.03439825
0.03443917
0.03441979
0.03441979
0.03445613
0.03443586
0.03555094
0
0
0
0
0
0
0
0
0
0
0
0
0
0
0
0
0
0
0
0
0
0
0
0
0
0
0
0
0
0
0
0
0
0
0
0
0
0
0
0
0
0
0
0
0
0
0
0
0
0
0
0
0
0
0
0
0
0
0
0
0
0
0
0
0
0
0
0
0
0
0
0
0
0
0
0
0
0
0
0
0
0
0
0
0
0
0
0
0
0
0
0
0
0
0
0
0
0
0
0
0
0
0
0
0
0
0
0
0
0
0
0
0
0
0
0
0
0
0
0
0
0
0
0
0
0
0
0
0
0
0
0
0
0
0
0
0
0
0
0
0
0
0
0
0
0
0
0
0
0
0
0
0
0
0
0
0
0
0
0
0
0
0
0
0
0
0
0
0
0
0
0
0
0
0
0
0
0
0
0
0
0
0
0
0
0
0
0
0
0
0
0
0
0
0
0
0
0
0
0
0
0
0
0
0
0
0
0
0
0
0
0
0
0
0
0
0
