0
0
0
0
0
0
0
0
0
0
0
0
0
0
0
0
0
0
0
0
0
0
0
0
0
0
0
0
0
0
0
0
0
0
0
0
0
0
0
0
0
0
0
0
0
0
0
0
0
0
0
0
0
0
0
0
0
0
0
0
0
0
0
0
0
0
0
0
0
0
0
0
0
0
0
0
0
0
0
0
0
0
0
0
0
0
0
0
0
0
0
0
0
0
0
0
0
0
0
0
0
0
0
0
0
0
0
0
0
0
0
0
0
0
0
0
0
0
0
0
0
0
0
0
0
0
0
0
0
0
0
0
0
0
0
0
0
0
0
0
0
0
0
0
0
0
0
0
0
0
0
0
0
0
0
0
0
0
0
0
0
0
0
0
0
0
0
0
0
0
0
0
0
0
0
0
0
0
0
0
0
0
0
0
0
0
0
0
0
0
0
0
0
0
0
0
0
0
0
0
0
0
0
0
0
0
0
0
0
0
0
0
0
0
0
0
0
0
0
0
0
0
0
0
0
0
0
0
0.02168941
0.02353632
0.02352123
0.02516869
0.02650145
0.03016898
0.03150829
0.03145206
0.0313395
0.02977198
0.02888521
0.02788752
0.02788047
0.02782276
0.02796884
0.02885783
0.02927465
0.02957899
0.0295551
0.02929551
0.02873302
0.02862049
0.0261522
0.02538207
0.02483095
0.02483095
0.02482072
0.02482715
0.02482715
0.02482631
0.02485371
0.02426628
0.02263134
0.02138847
0.02133938
0.02135718
0.02135718
0.02172245
0.02271047
0.02304123
0.02281245
0.02290376
0.02290376
0.02325249
0.0235237
0.0235237
0.02352691
0.02352691
0.02564036
0.02637077
0.02872983
0.02872983
0.02879361
0.02879361
0.02970143
0.03042568
0.03042568
0.03047804
0.03002908
0.02765304
0.02628278
0.02461777
0.02353113
0.0235557
0.0235557
0.02322575
0.02310125
0.02311236
0.02310085
0.02342367
0.02289937
0.02267264
0.0225786
0.02240496
0.02222355
0.02222355
0.02188942
0.02083197
0.01787548
0.01785967
0.0178595
0.01867219
0.01971188
0.02179473
0.02255425
0.02306201
0.02306201
0.02269026
0.02146843
0.02092721
0.02093846
0.02095735
0.02143725
0.0236678
0.02477727
0.02485772
0.02484432
0.02484432
0.0236409
0.02094875
0.01873372
0.01873372
0.01872937
0.01898815
0.01930874
0.01940676
0.01940676
0.01930144
0.01936173
0.01936173
0.01954158
0.02011385
0.02037051
0.02020201
0.02026734
0.02087843
0.02540667
0.03616165
0.03921463
0.03921942
0.03921942
0.03721521
0.03134753
0.02876456
0.02875217
0.02875217
0.02763548
0.0270077
0.0253704
0.02481383
0.02576002
0.02613173
0.02613773
0.02708622
0.02746467
0.02743869
0.02743869
0.02723188
0.02679092
0.02484033
0.02482827
0.02441636
0.02317782
0.02309594
0.02309594
0.02256956
0.02220909
0.02221978
0.02221978
0.02165771
0.01972793
0.01842875
0.01786482
0.01786482
0.01824749
0.02060211
0.02107522
0.02222448
0.02223337
0.02223337
0.02223694
0.02344688
0.02194005
0.02194005
0.02193467
0.02197428
0.02197428
0.02215577
0.02221994
0.02221215
0.02185546
0.02162426
0.02199941
0.02343368
0.02353772
0.02344563
0.02296219
0.02345581
0.02482584
0.02482698
0.0248413
0.0248413
0.02485322
0.02483826
0.02408696
0.0235121
0.0235121
0.02424044
0.02334245
0.02219934
0.02219934
0.02172526
0.0213187
0.02134585
0.0213169
0.0213169
0.02132251
0.02134123
0.02165113
0.02267842
0.02173884
0.02146985
0.02136782
0.02136782
0.02134199
0.02133834
0.02067798
0.02002337
0.02002442
0.02002442
0.02094875
0.02135012
0.02360481
0.02443725
0.02492587
0.02492587
0.02529584
0.02426649
0.02347377
0.02329984
0.02316432
0.02332374
0.02568275
0.04071451
0.05745989
0.05731524
0.05651596
0.0558366
0.05095789
0.0382736
0.02895119
0.02639927
0.0264226
0.02527751
0.02319745
0.02207861
0.02167195
0.02057534
0.020486
0.02034332
0.01942454
0.01919824
0.01941717
0.0201492
0.02118134
0.02063408
0.02389912
0.03001186
0.03223384
0.03225532
0.03084589
0.02741415
0.02351871
0.02353249
0.02353249
0.02352698
0.02455219
0.02479222
0.02481711
0.02481311
0.02457894
0.02363483
0.02352931
0.02242083
0.02224018
0.02224018
0.02240494
0.02232318
0.02236161
0.02250573
0.02237911
0.02221363
0.02220121
0.02303233
0.02466124
0.02472131
0.02398157
0.0200359
0.02002786
0.02002786
0.02454043
0.02785567
0.02604632
0.02216232
0.02134727
0.02210267
0.02257639
0.0235458
0.02345387
0.02226731
0.02231945
0.02153499
0.02151044
0.02140173
0.0229808
0.02395957
0.0246582
0.02169871
0.02135436
0.02183538
0.02722457
0.02783807
0.02609573
0.02500781
0.02484642
0.02485722
0.02485722
0.02485752
0.02485753
0.02544141
0.02969515
0.02973538
0.02976896
0.02968405
0.02736776
0.02577357
0.02502293
0.02482807
0.02482883
0.02434894
0.01995635
0.01909486
0.01991898
0.02278389
0.02286303
0.02184111
0.02135793
0.02140898
0.02162044
0.02185761
0.02207527
0.02191435
0.02175985
0.02154985
0.02133171
0.02159101
0.02293647
0.02382883
0.02533634
0.02606731
0.02562365
0.02614846
0.02564224
0.02435925
0.02188133
0.02140082
0.02178842
0.02240118
0.0238065
0.02030479
0.01886293
0.02150427
0.02111844
0.02082773
0.02016576
0.01989589
0.02060524
0.02132542
0.02133855
0.02133855
0.02134613
0.0215502
0.02253348
0.02344431
0.02326625
0.02326425
0.0222194
0.02182706
0.02133605
0.02148966
0.02272608
0.0237727
0.02431832
0.02483065
0.02497122
0.02542006
0.02570828
0.02482333
0.01926119
0.02002624
0.02222313
0.02222313
0.02350377
0.02234027
0.02151911
0.02135548
0.02059815
0.02109229
0.02135954
0.02044633
0.0199053
0.0204625
0.02477649
0.02462205
0.0216183
0.0192698
0.01968938
0.02079758
0.0213562
0.02135003
0.02305547
0.0241602
0.02412919
0.02191261
0.02112072
0.02054236
0.02051196
0.02100261
0.02135005
0.02135005
0.02134131
0.02133566
0.02132753
0.01999794
0.0187119
0.01895436
0.02000399
0.02000399
0.02056991
0.02236581
0.02278464
0.02292815
0.02281097
0.02320164
0.02361245
0.01901758
0.01786106
0.01785533
0.0178638
0.0178638
0.01786789
0.01869178
0.01874391
0.01872231
0.01881097
0.02149956
0.0242997
0.02873765
0.02938231
0.03222588
0.03222588
0.03098961
0.02650401
0.02296879
0.02221467
0.02221467
0.02258948
0.0221607
0.02160031
0.02136761
0.02136761
0.02134422
0.02134096
0.02137858
0.02480814
0.02483286
0.02483286
0.02482537
0.0248446
0.02358783
0.02136653
0.0213651
0.0213651
0.02135316
0.02135793
0.0223199
0.02378105
0.0238947
0.0238947
0.02378574
0.02311291
0.02213986
0.02136159
0.02136159
0.02134164
0.02134831
0.02134831
0.02357513
0.02397836
0.02397836
0.02395527
0.02330606
0.02221037
0.02220978
0.02220979
0.02222321
0.02223462
0.02220702
0.02196394
0.02196895
0.02189388
0.02188865
0.02315411
0.02421901
0.02792734
0.02876937
0.02876937
0.02861885
0.02603152
0.02474777
0.02237388
0.02222276
0.02222041
0.02234655
0.02261246
0.02250136
0.02267615
0.02301644
0.02297889
0.02321533
0.02352183
0.02352893
0.02351531
0.02351531
0.0235238
0.02382424
0.02170638
0.01927916
0.01927916
0.01931798
0.01931798
0.02055409
0.0229391
0.02484569
0.0248527
0.02484025
0.02484025
0.02380568
0.02312806
0.02312806
0.02310465
0.02310465
0.02305728
0.02312652
0.02264884
0.0224907
0.02249674
0.02249674
0.02324497
0.02417494
0.02483075
0.02484903
0.02484903
0.02485458
0.02482982
0.02396251
0.02399161
0.02398726
0.02398726
0.02463085
0.02534036
0.0265574
0.02664781
0.02659912
0.02659912
0.02650768
0.0262354
0.02534027
0.0253341
0.0253341
0.02538924
0.0254839
0.0254839
0.02540327
0.02511718
0.02545841
0.02738947
0.03064047
0.03222601
0.0322461
0.03225303
0.03225303
0.02754427
0.02271761
0.02134969
0.0213428
0.02014799
0.0201367
0.02229418
0.02480088
0.02483646
0.02483896
0.02466394
0.02391275
0.0208932
0.0178574
0.017878
0.017878
0.01787175
0.01785202
0.01795658
0.01862717
0.01876849
0.01879933
0.01998199
0.01878036
0.01786387
0.01785492
0.01785492
0.01786266
0.01786074
0.01687659
0.01647594
0.0164742
0.01778243
0.01951553
0.01994475
0.01994475
0.02055958
0.02137265
0.02166638
0.02228057
0.02224975
0.01862785
0.01653012
0.01854211
0.0187134
0.01985938
0.01993353
0.01995973
0.01988896
0.02077121
0.02120492
0.01984634
0.01848543
0.01645027
0.01639332
0.01731483
0.01823468
0.01922112
0.02048053
0.02232908
0.02224027
0.02007556
0.02004197
0.01900665
0.01838916
0.01790354
0.01788082
0.01785345
0.01785345
0.01719396
0.01660156
0.016569
0.01736638
0.02071226
0.01905736
0.02030899
0.02171583
0.02022009
0.01804249
0.0178526
0.01843086
0.01879675
0.01879846
0.01879824
0.0185025
0.01835108
0.02017683
0.0213248
0.0213248
0.0210855
0.01960865
0.01968768
0.02003295
0.02003295
0.02003981
0.02006841
0.02125225
0.02084571
0.01908188
0.01869869
0.01995746
0.02134785
0.02134579
0.02133303
0.02133303
0.02134285
0.02080552
0.0189825
0.01873363
0.01873688
0.01873688
0.01871732
0.02164386
0.02373576
0.02273086
0.02160681
0.02134235
0.02202787
0.02230386
0.0223154
0.02177763
0.02004156
0.02003871
0.02062302
0.02134698
0.02136488
0.01994385
0.01875859
0.01854694
0.01810373
0.01796246
0.01844296
0.01971163
0.02087159
0.02140633
0.02177679
0.02310837
0.02310397
0.02263367
0.02135263
0.02085157
0.02004604
0.02003276
0.01958933
0.01900178
0.01884436
0.02003545
0.02003765
0.02005168
0.01917506
0.01875055
0.01978185
0.02005175
0.02002889
0.01936886
0.01785823
0.01785671
0.01842146
0.0203708
0.02109505
0.02005241
0.02005241
0.02030476
0.02105216
0.02210969
0.02223567
0.02345906
0.02353965
0.02164043
0.02091572
0.02005348
0.02058499
0.02135414
0.02135934
0.02009084
0.01878718
0.01855673
0.01819283
0.01784833
0.01808286
0.01913633
0.02022569
0.0213515
0.02246448
0.02309107
0.02347142
0.02352851
0.0235112
0.02182083
0.0213377
0.02132757
0.02132757
0.0213364
0.02146937
0.02324581
0.02483972
0.02483972
0.02249043
0.02134048
0.02143351
0.02195612
0.02324241
0.02440418
0.0248255
0.02484485
0.02484485
0.02485139
0.02483543
0.02304398
0.02135482
0.02135792
0.02135792
0.02138021
0.02156974
0.02369
0.0253796
0.02588674
0.02482009
0.02481543
0.02481543
0.02484382
0.02483212
0.02483212
0.02581055
0.02657814
0.02654397
0.02658854
0.02658854
0.02609726
0.02483763
0.02483763
0.02510887
0.02615993
0.02615993
0.02509347
0.0248426
0.02485466
0.02483524
0.02482576
0.02482596
0.0248271
0.0248271
0.02244164
0.01919303
0.01884107
0.0210137
0.02219841
0.02219289
0.02200848
0.02136201
0.02136303
0.02222876
0.02334635
0.02308059
0.02308586
0.02308586
0.02250738
0.02135257
0.02059571
0.01915506
0.01872372
0.01930918
0.02166643
0.02219684
0.02219684
0.02221042
0.02482341
0.02483089
0.02681674
0.02936706
0.02616293
0.02373661
0.02350413
0.02143866
0.02133442
0.02133632
0.02133193
0.02134488
0.02134488
0.0213575
0.02136094
0.02139558
0.02255275
0.02615473
0.02554357
0.02352694
0.02352694
0.02352981
0.02352431
0.02352431
0.02351535
0.022501
0.02221262
0.02188426
0.02134677
0.02136007
0.02321719
0.02485996
0.0248065
0.02479866
0.02484155
0.02364579
0.0215557
0.01842112
0.020556
0.02369901
0.02607562
0.02835352
0.02973499
0.03226116
0.03047048
0.02788833
0.0254624
0.02312708
0.02133706
0.02132602
0.02174945
0.02222175
0.02341434
0.02481558
0.02482684
0.02483311
0.02916474
0.03207212
0.03001656
0.02886994
0.02769064
0.02738745
0.02738745
0.02657912
0.02474491
0.02352982
0.02355576
0.02355636
0.02353215
0.02353215
0.02595347
0.02540669
0.02438488
0.02178473
0.02297843
0.0256104
0.02705989
0.02739988
0.02557546
0.02484624
0.02571395
0.02777153
0.02870934
0.02867026
0.0298579
0.03212518
0.03214666
0.03224006
0.03223875
0.03170446
0.02482686
0.02483214
0.02483214
0.02542336
0.02620132
0.02709641
0.02738561
0.02596736
0.02317145
0.02135638
0.0214263
0.02192258
0.02258978
0.02178258
0.02466732
0.0291863
0.0342164
0.03038262
0.0254656
0.02133937
0.02134101
0.02134455
0.02134455
0.02173284
0.02219734
0.02277157
0.02232138
0.02225286
0.02225286
0.02234203
0.02240078
0.02240078
0.02241055
0.0226501
0.02287444
0.02254526
0.02222035
0.02178738
0.02134447
0.02134447
0.02134842
0.02247028
0.02332333
0.02343463
0.02447888
0.02483825
0.02356222
0.02352425
0.02352259
0.0235089
0.0235089
0.02332811
0.02259191
0.02209465
0.02197134
0.02261865
0.02288211
0.02238357
0.02223018
0.02223018
0.02221757
0.02221757
0.02222176
0.02222176
0.02157422
0.02134667
0.02134139
0.02148415
0.0226556
0.02483286
0.02483286
0.02483267
0.02483267
0.02482371
0.02480829
0.02579429
0.02653581
0.02655018
0.02655018
0.02570794
0.02318739
0.02231743
0.02134043
0.02167324
0.02174166
0.02183389
0.0223166
0.02214202
0.02221172
0.02221172
0.02207489
0.02175987
0.01982633
0.01898438
0.01904112
0.01942433
0.01950031
0.0208999
0.02440018
0.02498843
0.02498843
0.02490095
0.02470928
0.02375505
0.0225316
0.02221132
0.02321121
0.02352859
0.02353663
0.02484422
0.02485133
0.02483854
0.02483854
0.02486269
0.02418149
0.02321494
0.02285751
0.02277254
0.02285551
0.02354833
0.02547763
0.02613413
0.02613724
0.02613724
0.02614822
0.02456696
0.02331682
0.02220869
0.02220869
0.02278343
0.02228483
0.02133648
0.02134047
0.02133951
0.02150818
0.02174976
0.02209226
0.02350947
0.02411812
0.02415842
0.02471753
0.0253382
0.02721885
0.02759732
0.02693415
0.02684523
0.02666993
0.02611395
0.02169731
0.02134553
0.02134126
0.02134126
0.02133183
0.02184331
0.02271423
0.02262114
0.02260541
0.02199148
0.02160695
0.02431156
0.02794153
0.02822161
0.02786901
0.0282685
0.02849582
0.02810526
0.03076232
0.0307624
0.03074861
0.03073842
0.02899338
0.02592586
0.0253604
0.0253604
0.02537783
0.02538794
0.02538794
0.02534676
0.02531271
0.02570727
0.02613087
0.02609175
0.02631891
0.02651123
0.02628359
0.02628359
0.02649219
0.02521684
0.02188363
0.02105861
0.01958871
0.01959432
0.01959432
0.02125814
0.02812815
0.03224299
0.03223607
0.03150613
0.03091049
0.03143156
0.03253391
0.03310495
0.03307777
0.03238213
0.03156321
0.02798941
0.02686315
0.02623546
0.02611781
0.02481192
0.02482896
0.0257743
0.02828082
0.02994
0.02957131
0.02957065
0.02976929
0.02914526
0.02875515
0.02876611
0.02895603
0.02890316
0.02876001
0.02876001
0.02873898
0.0287283
0.02953467
0.03262315
0.03422396
0.0357001
0.0342631
0.03391818
0.03344598
0.03181218
0.03181218
0.03135524
0.03092909
0.03092909
0.03035291
0.02923359
0.02877226
0.0291275
0.02920929
0.02859284
0.02768305
0.02702141
0.02685439
0.02613462
0.02613462
0.02614681
0.02358447
0.02185551
0.02183556
0.02183556
0.02197416
0.0221642
0.02139888
0.02230847
0.02229815
0.02294128
0.02340441
0.02343202
0.02343202
0.02390765
0.02408786
0.02404761
0.0260499
0.0283389
0.02987967
0.02981176
0.02981176
0.02894732
0.02701033
0.02702033
0.02847143
0.02847143
0.02806716
0.02759263
0.02659385
0.02604862
0.02555602
0.0255561
0.02500016
0.02537858
0.02598865
0.02633923
0.02654856
0.0264562
0.02641302
0.02592022
0.02484122
0.02484634
0.02484634
0.02352031
0.02321096
0.02256184
0.0211858
0.02003516
0.02003516
0.02015246
0.02136086
0.02229088
0.02350199
0.02351241
0.02462404
0.02485992
0.02561658
0.02670959
0.02644154
0.02822317
0.02759232
0.02527501
0.02346685
0.02295902
0.02293549
0.02262797
0.02224233
0.02141295
0.01911355
0.0192093
0.0192093
0.01915802
0.01972293
0.02100564
0.02165229
0.02167716
0.02199981
0.02219978
0.02078719
0.0178856
0.01787708
0.0178921
0.0178921
0.01956935
0.02192775
0.02582113
0.02626077
0.0270164
0.02711857
0.02791816
0.02961158
0.02965874
0.02892104
0.02963725
0.03409024
0.03948537
0.04148103
0.04205091
0.04205091
0.04239623
0.04329352
0.03594754
0.0360906
0.0360906
0.03671603
0.03585582
0.03439265
0.02937122
0.02667838
0.02444986
0.02321742
0.02298014
0.02320048
0.02652328
0.0274251
0.02816839
0.0287542
0.02959837
0.03756683
0.03955619
0.04353602
0.04356053
0.04356053
0.03972175
0.02959091
0.02572772
0.02483466
0.02612256
0.02475363
0.02218541
0.02007474
0.01927918
0.01927284
0.01924407
0.02091725
0.02168333
0.02274584
0.02315981
0.02474613
0.0248186
0.0248186
0.02483803
0.02341571
0.02328306
0.02367611
0.02469095
0.02465277
0.0240105
0.02350489
0.02422047
0.02483562
0.0289575
0.0312332
0.03436713
0.03506685
0.03681156
0.03539325
0.02921602
0.02223321
0.02134323
0.02176849
0.02358209
0.02515928
0.03009224
0.02970557
0.0287545
0.02840695
0.02977862
0.03635299
0.0377207
0.03772733
0.03772733
0.03631128
0.03250299
0.02720725
0.02484623
0.02515208
0.02570713
0.02720508
0.03217084
0.03618117
0.03719604
0.03719604
0.03716308
0.03582512
0.03245581
0.0309159
0.03138953
0.03221652
0.03140305
0.02827395
0.02371047
0.02296175
0.02296175
0.02291808
0.02243824
0.02189256
0.02181889
0.02181886
0.02148043
0.02135799
0.02135799
0.02170602
0
0
0
0
0
0
0
0
0
0
0
0
0
0
0
0
0
0
0
0
0
0
0
0
0
0
0
0
0
0
0
0
0
0
0
0
0
0
0
0
0
0
0
0
0
0
0
0
0
0
0
0
0
0
0
0
0
0
0
0
0
0
0
0
0
0
0
0
0
0
0
0
0
0
0
0
0
0
0
0
0
0
0
0
0
0
0
0
0
0
0
0
0
0
0
0
0
0
0
0
0
0
0
0
0
0
0
0
0
0
0
0
0
0
0
0
0
0
0
0
0
0
0
0
0
0
0
0
0
0
0
0
0
0
0
0
0
0
0
0
0
0
0
0
0
0
0
0
0
0
0
0
0
0
0
0
0
0
0
0
0
0
0
0
0
0
0
0
0
0
0
0
0
0
0
0
0
0
0
0
0
0
0
0
0
0
