0
0
0
0
0
0
0
0
0
0
0
0
0
0
0
0
0
0
0
0
0
0
0
0
0
0
0
0
0
0
0
0
0
0
0
0
0
0
0
0
0
0
0
0
0
0
0
0
0
0
0
0
0
0
0
0
0
0
0
0
0
0
0
0
0
0
0
0
0
0
0
0
0
0
0
0
0
0
0
0
0
0
0
0
0
0
0
0
0
0
0
0
0
0
0
0
0
0
0
0
0
0
0
0
0
0
0
0
0
0
0
0
0
0
0
0
0
0
0
0
0
0
0
0
0
0
0
0
0
0
0
0
0
0
0
0
0
0
0
0
0
0
0
0
0
0
0
0
0
0
0
0
0
0
0
0
0
0
0.4329018
0.3979172
0.3953923
0.3652875
0.3233793
0.300299
0.300299
0.3003047
0.3111347
0.3516196
0.4687039
0.4927656
0.4927656
0.4669557
0.3515343
0.3473518
0.3475396
0.3538344
0.35656
0.3507307
0.3677572
0.3950671
0.4443088
0.4870331
0.4870331
0.4781506
0.4494005
0.4283104
0.4158324
0.3802182
0.3724516
0.3767847
0.388939
0.4191322
0.4277854
0.4277854
0.4666145
0.4539919
0.380526
0.2927897
0.2132186
0.1736727
0.1949954
0.2829241
0.3778346
0.4115554
0.4574671
0.4182571
0.4566655
0.5337009
0.5919681
0.5286021
0.4472701
0.4202647
0.517968
0.4498741
0.415598
0.2960024
0.3092929
0.3601029
0.4105224
0.3603894
0.3468971
0.3470004
0.3473509
0.3471318
0.3471318
0.3254487
0.2985675
0.3280776
0.418334
0.4709487
0.430433
0.3198588
0.2553931
0.2413968
0.2930707
0.3055325
0.3169717
0.301702
0.2851976
0.2874971
0.3206337
0.3473238
0.3453074
0.3135836
0.3134065
0.3134065
0.3263399
0.3473588
0.3473589
0.2714643
0.2074981
0.2074981
0.2369584
0.2482872
0.2768093
0.3005279
0.3004011
0.27398
0.2599162
0.2523456
0.2413426
0.2464007
0.2602595
0.2918437
0.3004808
0.3004808
0.2712001
0.2338578
0.2107383
0.2348246
0.3392329
0.3811754
0.3454984
0.2791537
0.2233663
0.2193889
0.274644
0.3846057
0.4186641
0.4186641
0.357984
0.2908695
0.2323316
0.2169419
0.2074785
0.2143818
0.2264331
0.2484362
0.2672823
0.2794593
0.2794593
0.302225
0.296617
0.2573964
0.2094713
0.2075264
0.1996159
0.1864738
0.2026596
0.2202646
0.2202891
0.2202891
0.2191547
0.2344938
0.3043994
0.4036786
0.4374031
0.4330174
0.4013043
0.3705458
0.3193878
0.2890633
0.3027027
0.3084377
0.3109309
0.2876673
0.2540925
0.2468296
0.2447342
0.2412294
0.2379385
0.2315981
0.2291954
0.2236748
0.2296693
0.236809
0.2430222
0.2476362
0.2468246
0.2468246
0.2479915
0.2519225
0.2519225
0.2504286
0.3097066
0.3538975
0.3616006
0.3616006
0.328508
0.2845959
0.283048
0.2817123
0.2804362
0.252374
0.2355004
0.2353698
0.2500266
0.304176
0.3274624
0.3395435
0.3399767
0.3399767
0.3434448
0.3471812
0.3471812
0.3470891
0.3428206
0.3130921
0.298426
0.2947717
0.3004138
0.3193198
0.3333683
0.3400989
0.3382825
0.3135388
0.2940249
0.2793943
0.2793943
0.2795689
0.283154
0.3282623
0.3295822
0.3295822
0.3334155
0.3386677
0.3417893
0.3471302
0.3470087
0.3180707
0.3049603
0.2960358
0.2960358
0.295015
0.3055682
0.3182816
0.3435317
0.3435317
0.3389089
0.302762
0.2916193
0.2916193
0.2916595
0.2950181
0.295045
0.2967255
0.2969686
0.2944602
0.3076865
0.3270036
0.3398166
0.340794
0.340794
0.31907
0.2856303
0.2853303
0.2854658
0.2945698
0.3082802
0.3133228
0.3134158
0.3133128
0.3094634
0.2990027
0.2958088
0.2924586
0.3002849
0.3064993
0.3136588
0.313277
0.3150166
0.3262936
0.3294907
0.3304426
0.3319603
0.324251
0.3090483
0.3000528
0.2961172
0.2961172
0.3244752
0.4083603
0.4083603
0.4080143
0.3874285
0.3813364
0.3526248
0.2206179
0.235855
0.2505511
0.3216829
0.3469215
0.3654535
0.3627318
0.3343989
0.301055
0.2883402
0.2865418
0.2896472
0.3438098
0.4044318
0.4412228
0.4413179
0.4413179
0.4048328
0.3934711
0.3933831
0.3933831
0.3932427
0.3515464
0.3452592
0.3447346
0.3428785
0.3274818
0.3004721
0.2938216
0.2946263
0.2997871
0.3120551
0.3728209
0.3889695
0.3745738
0.3206382
0.2725166
0.260226
0.2794701
0.2960622
0.3097657
0.3309658
0.3277372
0.3229094
0.3231368
0.2973393
0.2807924
0.2601444
0.2749481
0.2977948
0.337595
0.3385457
0.3384444
0.3384444
0.4198538
0.4530865
0.4530865
0.4528519
0.4237758
0.4006133
0.3843409
0.3843409
0.3821939
0.3533641
0.3087085
0.2782162
0.2848915
0.2918564
0.2995634
0.3145113
0.3145113
0.3283208
0.3846145
0.4312552
0.4428731
0.4408439
0.4370837
0.4047848
0.3567705
0.3435834
0.3382809
0.3375702
0.3752649
0.3791979
0.3814535
0.3813901
0.3742509
0.3434988
0.3090962
0.3104078
0.3104078
0.4175483
0.4284362
0.4256237
0.4278781
0.4344592
0.44584
0.4550044
0.4567861
0.4431058
0.4292341
0.3952646
0.384957
0.3850394
0.3851669
0.4427943
0.4871633
0.4871633
0.4876151
0.478483
0.3433579
0.2415872
0.2373491
0.2219478
0.2411398
0.2447945
0.2551139
0.244229
0.2413665
0.2893448
0.3346784
0.3112794
0.3094186
0.3094473
0.3094473
0.3121601
0.3130665
0.3130665
0.3059889
0.2676061
0.2562577
0.2561547
0.2561547
0.2689042
0.2808278
0.306737
0.3021084
0.2918241
0.2983408
0.3069136
0.3069136
0.3060585
0.3065305
0.2776919
0.2776919
0.2774511
0.2678462
0.2641094
0.2469192
0.2444063
0.2415397
0.2412113
0.263611
0.2875515
0.2680562
0.2622823
0.2626829
0.2284369
0.2077612
0.2075413
0.2268514
0.2739432
0.2923883
0.314074
0.305487
0.2666613
0.2356929
0.2224293
0.2224293
0.2223806
0.2343881
0.2485881
0.2557541
0.2547949
0.2547949
0.260715
0.2539125
0.2539125
0.2540288
0.2540175
0.3297922
0.3965247
0.3965247
0.3994028
0.3789164
0.3601126
0.3600732
0.3551082
0.3469875
0.319725
0.2941566
0.2904849
0.2928466
0.2943232
0.2943265
0.3054294
0.3183494
0.3180959
0.322584
0.3301894
0.3347897
0.3347897
0.3338743
0.3319202
0.3098199
0.2916957
0.2917207
0.2917207
0.2999544
0.3216128
0.3216128
0.3220148
0.334489
0.334489
0.352203
0.3552197
0.3369844
0.3350836
0.3349919
0.3434196
0.3475417
0.3610581
0.3814758
0.3809244
0.3809244
0.3810389
0.3790634
0.3136214
0.2642398
0.2414039
0.2414039
0.2414376
0.2414376
0.2415746
0.2415507
0.2416734
0.2416734
0.286368
0.2893237
0.2883746
0.2885719
0.2885719
0.3340773
0.3555404
0.3550667
0.3452655
0.3318973
0.3119611
0.3007639
0.3080807
0.2882359
0.2794163
0.2794163
0.3007761
0.313078
0.330096
0.3768123
0.400563
0.3943914
0.3794587
0.3628403
0.3292056
0.3378584
0.3378584
0.3480701
0.3574829
0.3528886
0.3525694
0.3550066
0.342817
0.3210316
0.3047022
0.3045349
0.3076894
0.331501
0.3496278
0.3675185
0.3675185
0.368479
0.3595488
0.3346165
0.3343725
0.3411117
0.3471475
0.410149
0.4346411
0.4346411
0.4354819
0.3983865
0.345212
0.2832564
0.2884057
0.3003953
0.3118288
0.3560105
0.3616238
0.3606382
0.3566963
0.3533506
0.3525535
0.3525535
0.3531311
0.36373
0.4199262
0.4518291
0.449143
0.4462422
0.3970204
0.3474449
0.3474449
0.3473459
0.3473459
0.3474781
0.3532326
0.3637269
0.3514928
0.3292043
0.3159983
0.2797017
0.2795223
0.2819057
0.3385273
0.3622133
0.3211616
0.3038577
0.3131833
0.3129562
0.3285743
0.3375914
0.2869234
0.2792731
0.2999494
0.3476609
0.3473648
0.3473648
0.3474441
0.3474441
0.3392259
0.3345725
0.3345725
0.3340297
0.3076303
0.2819883
0.2957287
0.3245176
0.3574387
0.3793251
0.3680138
0.31204
0.3035937
0.3645733
0.4225303
0.4335078
0.4240077
0.3982855
0.4121173
0.416892
0.4167992
0.4167992
0.4004558
0.3880815
0.386447
0.3638443
0.3160291
0.2823836
0.266276
0.278435
0.3071695
0.3472807
0.3471321
0.3471301
0.3470917
0.3468998
0.3367724
0.3186035
0.3059607
0.2883007
0.2709076
0.2640271
0.2813578
0.2709184
0.2633656
0.2874952
0.3281868
0.3810827
0.3811328
0.3778318
0.3660235
0.3271502
0.2815699
0.3059636
0.3350642
0.3472471
0.3698522
0.4355671
0.5126698
0.5558683
0.4915535
0.4066499
0.3705195
0.3800908
0.3814328
0.3772593
0.3630414
0.3348566
0.3330068
0.3812075
0.468454
0.5130295
0.5361699
0.5418718
0.4853474
0.3806733
0.3135353
0.309172
0.2949944
0.2680334
0.2075002
0.2075056
0.2075935
0.2403335
0.2873544
0.3024429
0.2953659
0.2934308
0.3333064
0.3774809
0.381045
0.381045
0.3810706
0.3814865
0.3814865
0.3811135
0.3810863
0.3297309
0.2917135
0.2481144
0.2801178
0.3730396
0.4501539
0.4962992
0.4623768
0.4087246
0.3443666
0.3326423
0.291111
0.2617814
0.2765745
0.2786326
0.2794004
0.2794004
0.283798
0.3008741
0.3099145
0.3255615
0.308745
0.2638134
0.2524452
0.2868697
0.3577451
0.421021
0.5207711
0.5207711
0.4582727
0.4219353
0.3824555
0.3810564
0.3812752
0.3812752
0.3808928
0.3808928
0.3750498
0.3225074
0.2444462
0.2395236
0.3048365
0.3535469
0.4114409
0.4193656
0.4170751
0.405844
0.3767509
0.3267771
0.2960745
0.2889517
0.2796322
0.2797579
0.2797579
0.2797508
0.2877708
0.3239883
0.2858317
0.2784415
0.277735
0.3538269
0.3737263
0.3808259
0.3812567
0.3812567
0.381485
0.3632219
0.3085938
0.2793634
0.2681261
0.327013
0.3764059
0.4100118
0.4603694
0.5116546
0.5094332
0.4196758
0.3384533
0.349129
0.4168065
0.4368529
0.4271522
0.4192247
0.4195605
0.4086155
0.3930143
0.3557327
0.3386918
0.3503717
0.3670643
0.3496267
0.308762
0.2796855
0.2796688
0.2794459
0.2794459
0.2791393
0.3043879
0.3515219
0.3727485
0.3604541
0.3346792
0.338104
0.3469189
0.3473884
0.336675
0.3129292
0.2818719
0.2795163
0.2839789
0.3446896
0.3424708
0.3267312
0.3068548
0.3119789
0.3298137
0.3420019
0.3417791
0.3417791
0.3418278
0.3408713
0.2834078
0.2647856
0.2700947
0.3413659
0.3532613
0.3127155
0.2796361
0.2796361
0.3558902
0.4261967
0.452197
0.4531128
0.3890692
0.3154887
0.3035015
0.3132732
0.3121153
0.309142
0.3085269
0.3085269
0.3116872
0.3247504
0.325023
0.3200143
0.2808788
0.2406492
0.2748723
0.3625227
0.4321571
0.3919928
0.3472983
0.3472337
0.3807951
0.4177377
0.4132648
0.4375187
0.4576121
0.4552156
0.4679445
0.4794884
0.4852163
0.3832817
0.379247
0.3792367
0.3792367
0.3808216
0.3625359
0.318828
0.3137099
0.3147639
0.3351639
0.4601642
0.5200854
0.519954
0.5084087
0.4632634
0.3589363
0.3009385
0.3137808
0.3320678
0.3284152
0.2879614
0.2882037
0.2806774
0.279927
0.3137275
0.3124813
0.3101478
0.3084601
0.3070075
0.4500366
0.5084861
0.5573138
0.5567979
0.52684
0.4119668
0.3561699
0.34811
0.34811
0.3367251
0.3204242
0.3135854
0.3136089
0.3136089
0.3399189
0.3602647
0.3605477
0.3608705
0.364697
0.364697
0.3644662
0.3644662
0.3559179
0.3557315
0.3554867
0.3552456
0.3468122
0.3466504
0.3468707
0.3130168
0.3121929
0.3145756
0.3140913
0.3356433
0.3997028
0.4193248
0.4193248
0.4195711
0.3742184
0.3605186
0.3596417
0.3596417
0.369907
0.3745405
0.3728047
0.3731016
0.3735876
0.3803529
0.3810759
0.3813803
0.3813915
0.3808852
0.3801493
0.284229
0.2792186
0.2792186
0.2862963
0.3390238
0.3634626
0.3562421
0.3811015
0.3811015
0.3809966
0.3809618
0.3809398
0.3809621
0.4066016
0.4191913
0.4191794
0.4195834
0.3922544
0.3266776
0.2797265
0.2798487
0.2850532
0.3197414
0.3743908
0.4173849
0.4193149
0.4193149
0.4192998
0.3979878
0.3801685
0.3816376
0.3917714
0.3992916
0.4535265
0.4522683
0.4524481
0.4032705
0.3718927
0.359918
0.357084
0.3566141
0.3566141
0.3291876
0.2543215
0.2414578
0.2418137
0.2418137
0.2632782
0.2793753
0.2796697
0.2840102
0.3205044
0.4074427
0.4414977
0.4381691
0.3967952
0.3572303
0.2825443
0.2814968
0.2823493
0.2936577
0.2479466
0.2076253
0.2076253
0.207581
0.2195317
0.257294
0.3185242
0.3605943
0.3605943
0.4051733
0.4196869
0.4528641
0.4517509
0.4517443
0.3914189
0.3097126
0.3015857
0.3005356
0.3004529
0.3430393
0.4336162
0.4531547
0.4531547
0.4381305
0.3270021
0.2797581
0.2794122
0.2795577
0.3035026
0.3255516
0.3261829
0.3282159
0.3347825
0.3347825
0.2832749
0.2414274
0.2454996
0.2821058
0.3155548
0.3404049
0.3346472
0.3382371
0.3711204
0.4527657
0.4530396
0.4530396
0.4517646
0.3487757
0.2548881
0.2417686
0.2416687
0.2489856
0.2907688
0.3120162
0.3119646
0.3123821
0.312189
0.3032361
0.2622134
0.2622135
0.2626322
0.252878
0.2423058
0.2414921
0.2415931
0.2416044
0.3189307
0.3815879
0.3738335
0.3517142
0.3347265
0.3336731
0.3325635
0.3227213
0.3140026
0.3399289
0.346046
0.3464557
0.3464557
0.3468433
0.3666754
0.3821552
0.3819427
0.3819461
0.3541887
0.292304
0.2760612
0.2754982
0.2634145
0.3774997
0.5555241
0.6608648
0.6448203
0.5503194
0.4467277
0.2803338
0.2794842
0.2794842
0.2793482
0.2795828
0.2795125
0.2794177
0.2910979
0.2920316
0.2924446
0.2926372
0.3066055
0.30959
0.2921991
0.2753025
0.2857633
0.2879202
0.2879717
0.2984517
0.3241516
0.3346487
0.3346487
0.3698222
0.3999958
0.4526236
0.4526236
0.4532693
0.4568947
0.4925413
0.5145332
0.5213251
0.5143811
0.5021893
0.4744784
0.4729588
0.4729588
0.4741707
0.4437233
0.3954012
0.3819914
0.3500207
0.3485216
0.295686
0.2798242
0.2795127
0.3578956
0.4050381
0.4682469
0.4642652
0.4642652
0.4671333
0.4665568
0.4636657
0.4527808
0.4287999
0.4011119
0.3169013
0.3212681
0.3206593
0.3208462
0.3643866
0.3990118
0.4160421
0.4160421
0.4142866
0.4409801
0.4529229
0.4527526
0.4531293
0.4715256
0.4744358
0.4753798
0.4753819
0.4600469
0.4683008
0.4872287
0.4869854
0.4824247
0.4488698
0.3980286
0.3822846
0.3812778
0.3832414
0.3999473
0.4597849
0.4781887
0.4590127
0.4491901
0.4306636
0.3945515
0.3553416
0.3553403
0.3557425
0.3554892
0.3803533
0.3808449
0.3811418
0.3973961
0.432829
0.4532636
0.4515016
0.4301432
0.3349437
0.2771297
0.2663251
0.2663265
0.2877168
0.3092163
0.4413604
0.4855455
0.4532058
0.4404078
0.440592
0.4403719
0.4282721
0.3928266
0.3950293
0.3941271
0.3937666
0.3821937
0.3773797
0.3331428
0.318188
0.3146154
0.3133715
0.3232215
0.3408611
0.3346453
0.3346489
0.3954007
0.4219548
0.4604407
0.4618085
0.4618091
0.4622086
0.3718342
0.3156801
0.3135355
0.3136134
0.3714097
0.393671
0.4151261
0.4151261
0.412615
0.4046139
0.4037751
0.4058973
0.4071239
0.4088947
0.3637997
0.3471795
0.3471795
0.3473281
0.3378412
0.3181792
0.3135816
0.3135816
0.3135262
0.234701
0.2169655
0.2236092
0.2112918
0.2560052
0.2692199
0.2869105
0.2887032
0.2878239
0.3050867
0.3366374
0.3478258
0.3479024
0.3664058
0.4494515
0.5201557
0.5208445
0.5208445
0.521196
0.4358396
0.4040326
0.4049342
0.3865839
0.3270007
0.2909704
0.3004679
0.2933849
0.2831959
0.3364276
0.3750179
0.3729048
0.3701237
0.3698338
0.3684268
0.3674278
0.3466288
0.3461233
0.3473656
0.3473656
0.3397608
0.3345621
0.3888091
0.4184077
0.4533884
0.452754
0.452754
0.3777819
0.3417055
0.3469913
0.3469913
0.3460937
0.3338721
0.3209505
0.2803002
0.2801994
0.2825142
0.3576266
0.3936062
0.3961343
0.3966586
0.3979856
0.381452
0.381452
0.3813809
0.3814459
0.3814459
0.3815221
0.3815221
0.3742107
0.3157062
0.2534707
0.2414059
0.2086789
0.1781802
0.1815185
0.1800219
0.3543335
0
0
0
0
0
0
0
0
0
0
0
0
0
0
0
0
0
0
0
0
0
0
0
0
0
0
0
0
0
0
0
0
0
0
0
0
0
0
0
0
0
0
0
0
0
0
0
0
0
0
0
0
0
0
0
0
0
0
0
0
0
0
0
0
0
0
0
0
0
0
0
0
0
0
0
0
0
0
0
0
0
0
0
0
0
0
0
0
0
0
0
0
0
0
0
0
0
0
0
0
0
0
0
0
0
0
0
0
0
0
0
0
0
0
0
0
0
0
0
0
0
0
0
0
0
0
0
0
0
0
0
0
0
0
0
0
0
0
0
0
0
0
0
0
0
0
0
0
0
0
0
0
0
0
0
0
0
0
0
0
0
0
0
0
0
0
0
0
0
0
0
0
0
0
0
0
0
0
0
0
0
0
0
0
0
0
0
0
0
0
0
0
