0
0
0
0
0
0
0
0
0
0
0
0
0
0
0
0
0
0
0
0
0
0
0
0
0
0
0
0
0
0
0
0
0
0
0
0
0
0
0
0
0
0
0
0
0
0
0
0
0
0
0
0
0
0
0
0
0
0
0
0
0
0
0
0
0
0
0
0
0
0
0
0
0
0
0
0
0
0
0
0
0
0
0
0
0
0
0
0
0
0
0
0
0
0
0
0
0
0
0
0
0
0
0
0
0
0
0
0
0
0
0
0
0
0
0
0
0
0
0
0
0
0
0
0
0
0
0
0
0
0
0
0
0
0
0
0
0
0
0.3593279
0.4043629
0.4043995
0.4018493
0.3970765
0.2655555
0.2029871
0.1863553
0.1860565
0.1819404
0.178147
0.2296333
0.2363086
0.2282902
0.2497143
0.259646
0.2380285
0.2114451
0.2066844
0.2006895
0.2043251
0.2216365
0.2307675
0.2246685
0.1892476
0.1362992
0.09810729
0.09810729
0.09807613
0.146763
0.1980597
0.2515372
0.2593347
0.2652436
0.2505231
0.2491942
0.2492827
0.2333354
0.205827
0.2002155
0.1675273
0.1672306
0.1423951
0.1348734
0.1348872
0.1348602
0.1348602
0.1348212
0.134801
0.1392593
0.1811161
0.2697684
0.2697684
0.2459136
0.1990278
0.1880202
0.1869897
0.1759292
0.1756936
0.1554256
0.1554256
0.1553512
0.1680704
0.1753176
0.1842145
0.1960625
0.2002388
0.2002044
0.2002044
0.2001113
0.2392654
0.2878275
0.302559
0.2791337
0.2383317
0.2330654
0.2052459
0.1825931
0.1618941
0.1484745
0.1370413
0.1348936
0.1348936
0.1349946
0.1348696
0.1348696
0.1211604
0.1184393
0.1346121
0.1431287
0.1809512
0.2630106
0.2779308
0.253208
0.1494618
0.13483
0.1348167
0.1347772
0.1347798
0.1382012
0.1719254
0.1747782
0.1998545
0.2451098
0.2654526
0.3144309
0.3351443
0.3307916
0.3426142
0.3677987
0.3364178
0.3145518
0.3145518
0.2977512
0.2696591
0.2696591
0.3032319
0.3349592
0.31632
0.2714512
0.2193481
0.1878936
0.185132
0.1676533
0.1728446
0.3308711
0.3891836
0.3635661
0.3636283
0.3125873
0.2598869
0.2002301
0.2140973
0.2677026
0.271118
0.2549611
0.2371119
0.2325284
0.2429053
0.2550652
0.2552038
0.2358566
0.1848733
0.1810304
0.1777124
0.1617346
0.1720425
0.1573737
0.1322792
0.1185389
0.1151732
0.1349057
0.1349326
0.2324912
0.2330823
0.2380305
0.2329486
0.2261564
0.2097201
0.1530689
0.1457214
0.1463516
0.1498115
0.2102913
0.2202659
0.2721855
0.2117441
0.1752881
0.1700885
0.161123
0.1581901
0.1683912
0.1420884
0.1420905
0.1427967
0.1670333
0.1572912
0.1363786
0.1247689
0.1012491
0.09814133
0.1656439
0.1896372
0.1915889
0.3201231
0.4385303
0.5377172
0.5335712
0.4824434
0.4155292
0.3435812
0.2927217
0.2618011
0.1927417
0.1674765
0.1565277
0.1232674
0.09807948
0.09807948
0.1310144
0.1609969
0.1776017
0.1426759
0.1366843
0.1349197
0.1349197
0.1467525
0.1626512
0.1589729
0.1579598
0.1636159
0.1658502
0.1646146
0.1580567
0.1349274
0.1349274
0.1348374
0.132222
0.1307359
0.1267098
0.1174942
0.1164476
0.1114008
0.1114008
0.1356948
0.1904657
0.2037509
0.2208919
0.2208919
0.2207369
0.2045204
0.1786098
0.1677152
0.167593
0.167593
0.1585891
0.1383907
0.1186087
0.1186282
0.1186282
0.1249164
0.1281024
0.1069734
0.09816328
0.09813827
0.09813827
0.1043184
0.1489068
0.1598425
0.1635404
0.1633726
0.1605945
0.1510013
0.1406599
0.1348508
0.1348694
0.1348386
0.1377064
0.1532422
0.181989
0.1882592
0.1848043
0.1848043
0.1769876
0.1556237
0.1349299
0.1348275
0.1343012
0.1318441
0.1308507
0.1371498
0.1412304
0.1513234
0.1513234
0.1510048
0.1396194
0.1124387
0.1091549
0.1091549
0.1093358
0.1042434
0.08974458
0.07085716
0.07100338
0.07100338
0.07697494
0.1337565
0.2175997
0.2696115
0.2696115
0.2695844
0.2696043
0.1478634
0.08726362
0.06544854
0.0706729
0.07807353
0.07886533
0.07886533
0.1035739
0.1059478
0.1050058
0.1040748
0.111344
0.1170428
0.1345877
0.1348121
0.1348121
0.1348744
0.1687225
0.2169181
0.2294724
0.2294724
0.228578
0.2886563
0.3770247
0.4063655
0.4374568
0.4387595
0.4490693
0.4420827
0.3757725
0.3089973
0.2694564
0.2696392
0.2699167
0.2745944
0.3362625
0.4189308
0.4197436
0.4216421
0.4216421
0.4107302
0.3727912
0.2725202
0.2725202
0.2715913
0.2715913
0.3753121
0.4689426
0.5024003
0.502638
0.4995621
0.475587
0.3668002
0.2969834
0.2941925
0.2976339
0.2976339
0.2642471
0.1889812
0.1484863
0.1268104
0.1273396
0.131801
0.1719889
0.2364033
0.2364061
0.2393196
0.2393196
0.2459205
0.1928516
0.09776195
0.06542835
0.06538393
0.0784406
0.07854471
0.08983581
0.09373281
0.09404697
0.09472504
0.09472504
0.09419017
0.08280388
0.07375486
0.07351817
0.07356029
0.07792209
0.09465502
0.1347736
0.1347687
0.1347727
0.1347727
0.1347978
0.1216735
0.1034222
0.1019106
0.1018944
0.09996128
0.1682665
0.2775239
0.3023256
0.2994092
0.2955081
0.2957778
0.2957778
0.3127108
0.2912851
0.2956119
0.2956119
0.2662493
0.2460067
0.1636795
0.1640054
0.1640054
0.1632752
0.165332
0.1638582
0.1556108
0.1572551
0.1585023
0.1665032
0.2844496
0.3120168
0.3518491
0.3518491
0.3450501
0.3391064
0.3006023
0.2089643
0.1859228
0.1802874
0.1802086
0.1860336
0.1908799
0.2793351
0.2793351
0.2791102
0.2791102
0.2163534
0.190421
0.1756634
0.1756634
0.1757944
0.1876338
0.1876338
0.190002
0.2003427
0.1826276
0.1704892
0.1676294
0.2803779
0.5098461
0.526771
0.5098125
0.5092317
0.5053502
0.4318143
0.3514771
0.3514771
0.3517843
0.3399209
0.2428678
0.1473446
0.1074538
0.1074359
0.1074359
0.107821
0.09843467
0.09805479
0.09805479
0.09799667
0.09799974
0.09799974
0.09811004
0.09811004
0.09810592
0.09814014
0.09814014
0.1147804
0.1539636
0.216177
0.2160983
0.2160983
0.1924761
0.1633802
0.1543637
0.1555586
0.1567449
0.1567449
0.13714
0.134803
0.134803
0.1348314
0.1348314
0.1312524
0.1275187
0.09151086
0.07226618
0.06543426
0.06543426
0.0741911
0.09844602
0.1170004
0.1143336
0.1143336
0.1142627
0.1148068
0.1031559
0.08804889
0.08577292
0.08582184
0.08582184
0.0979206
0.1057763
0.1154607
0.1175662
0.1168058
0.1178505
0.116792
0.08859903
0.08120609
0.07386948
0.07742681
0.07757773
0.08104199
0.09705351
0.1086021
0.1104073
0.1104364
0.1102653
0.1322169
0.1546598
0.1594579
0.1594579
0.1595542
0.1669253
0.1673759
0.167425
0.167425
0.1669384
0.1639464
0.1357083
0.1219557
0.1057448
0.0981844
0.09807364
0.09807364
0.09808927
0.09808927
0.1348547
0.1348547
0.1347546
0.1347546
0.1315661
0.1290767
0.1431425
0.1431303
0.1431303
0.1322069
0.1213402
0.09811497
0.09807692
0.09813264
0.09813264
0.1297882
0.1504034
0.1372637
0.1338346
0.1350604
0.1335688
0.1317372
0.1198385
0.1183257
0.119034
0.119034
0.1109686
0.09136537
0.07925443
0.08008535
0.08024722
0.1010149
0.1260792
0.1349212
0.1349212
0.1347945
0.1348392
0.1348392
0.1457527
0.174293
0.1956583
0.198909
0.2005623
0.1735906
0.1379827
0.1031036
0.0981978
0.09811901
0.09811901
0.1376748
0.2373765
0.2684296
0.2697278
0.2697278
0.2309488
0.1849377
0.1040262
0.0981446
0.09813065
0.09813065
0.09808518
0.1166071
0.1244697
0.1259797
0.1260153
0.1640035
0.2884088
0.4104588
0.4371171
0.4370614
0.4370614
0.3731626
0.240975
0.1556424
0.09799534
0.09799535
0.09815551
0.09816625
0.08656654
0.06987167
0.06545419
0.06534208
0.06868604
0.09462599
0.2035266
0.2479076
0.2548963
0.2548962
0.2395395
0.191851
0.09811032
0.09824778
0.08895536
0.08591073
0.08591073
0.08273888
0.08004956
0.07937795
0.08016477
0.07007824
0.1043404
0.1371039
0.1482718
0.1482718
0.1498002
0.1468579
0.1389109
0.1357813
0.1357813
0.1352608
0.1339543
0.1314397
0.1310726
0.124428
0.1226628
0.1273344
0.1350266
0.1349893
0.1398623
0.2986369
0.2950254
0.2960455
0.3006175
0.231328
0.1970473
0.1513708
0.1514782
0.1513427
0.1513427
0.1402916
0.1154199
0.1030574
0.1033638
0.1020013
0.1061894
0.1139647
0.1318078
0.1355576
0.1425935
0.1485772
0.14234
0.1349567
0.1349567
0.1348076
0.1348019
0.1348019
0.134829
0.134829
0.1347404
0.1349138
0.1349138
0.1348138
0.1139401
0.1037404
0.102136
0.102136
0.1017363
0.1025712
0.117332
0.127946
0.1308614
0.1341894
0.1348686
0.1348686
0.1349096
0.1824304
0.1737921
0.1676512
0.1675715
0.1913567
0.2373482
0.2748478
0.2930194
0.2981058
0.2578562
0.2129
0.20031
0.2002268
0.2002268
0.2002667
0.2796709
0.3263109
0.3601042
0.259969
0.1556617
0.1349154
0.1232241
0.1081852
0.106151
0.1231252
0.1600092
0.1727567
0.1791121
0.1886962
0.2055425
0.2618772
0.2986466
0.2461118
0.2039209
0.1944315
0.1946014
0.2050405
0.2018663
0.1724767
0.1532873
0.1633768
0.1724279
0.1744351
0.1781361
0.195952
0.2084459
0.1927428
0.1736646
0.1675417
0.1430383
0.1347975
0.1348085
0.1484497
0.1659057
0.1706402
0.1703677
0.1686881
0.1603915
0.146358
0.1438008
0.1438008
0.1707275
0.2003879
0.220671
0.2444817
0.2575172
0.2717141
0.4105599
0.5094574
0.2872866
0.1418112
0.134878
0.1353876
0.1379541
0.1378318
0.1363551
0.1350545
0.138533
0.1415321
0.1418197
0.1419188
0.1462616
0.156745
0.1590718
0.145868
0.1317253
0.1467047
0.1455935
0.1455935
0.1454424
0.1653929
0.1664514
0.1770091
0.2039888
0.1930827
0.2373365
0.2596734
0.2536296
0.2393335
0.2394586
0.2394586
0.2394201
0.2538906
0.2538906
0.2079687
0.2047101
0.1940523
0.1582208
0.1047387
0.1206881
0.1516048
0.1516048
0.1381549
0.113621
0.102429
0.1137294
0.1753531
0.1730646
0.1520488
0.1221761
0.114485
0.1138499
0.1144902
0.1144902
0.1057371
0.1029099
0.1023036
0.1117943
0.1208778
0.1225635
0.1348382
0.1343423
0.1288854
0.120651
0.09884796
0.1732257
0.2052997
0.2178296
0.1921185
0.180694
0.1675164
0.1675292
0.1725197
0.1821965
0.1967843
0.2002789
0.2002264
0.1664162
0.1509313
0.1349475
0.1349475
0.1349087
0.1420939
0.1630527
0.1676206
0.1674988
0.1674988
0.1674467
0.1456813
0.1213791
0.1184889
0.1346517
0.1386374
0.1348973
0.1430784
0.1553231
0.1851378
0.2877044
0.3351467
0.3348885
0.3532922
0.4046841
0.3281288
0.2273162
0.174504
0.1674983
0.1675658
0.1675103
0.1379025
0.0981145
0.09817939
0.1202309
0.1338378
0.2032302
0.2635792
0.3679768
0.3256902
0.1523476
0.0980911
0.1354307
0.1639441
0.1675958
0.1675958
0.1676586
0.1676473
0.1985281
0.2330891
0.2330891
0.2035814
0.1324731
0.1186137
0.1083859
0.09836433
0.1185659
0.1185417
0.1438768
0.1583042
0.1703714
0.1974339
0.2002146
0.2002404
0.2101014
0.2956142
0.3494764
0.3731114
0.3581423
0.3581111
0.3614499
0.3486204
0.3139936
0.2906558
0.2903388
0.2873461
0.2846711
0.2559448
0.1610273
0.1610273
0.1672636
0.1739668
0.1735726
0.170863
0.1333729
0.1345135
0.1349344
0.1349175
0.1348561
0.1283702
0.1230172
0.1221291
0.1282605
0.1391768
0.1890872
0.2355011
0.2555318
0.2568957
0.2597059
0.2681609
0.2750233
0.3057395
0.3194596
0.3304066
0.334933
0.3193663
0.304047
0.2994916
0.2948454
0.2944275
0.2930728
0.2826158
0.2617289
0.2530252
0.2534785
0.2534785
0.2436592
0.178241
0.1583054
0.1349289
0.1349289
0.1349114
0.1349114
0.1473119
0.1834015
0.1922313
0.1854909
0.1818034
0.1809729
0.1708217
0.1716242
0.1676486
0.1674892
0.1675081
0.1463413
0.1159798
0.09728155
0.09728155
0.09814582
0.1015387
0.1350091
0.150481
0.1534052
0.1535722
0.1528623
0.1381234
0.1277889
0.1273487
0.1270683
0.1244272
0.1223245
0.1223245
0.123875
0.1226344
0.1147187
0.1145515
0.1082553
0.1002857
0.09805482
0.09805482
0.09810671
0.09813137
0.1080791
0.1321181
0.1798304
0.1946082
0.1946827
0.2061782
0.1866388
0.1844213
0.1840035
0.1837668
0.1796423
0.1667718
0.1555982
0.1503344
0.1503344
0.1657479
0.1662925
0.165977
0.1815757
0.2003512
0.2003512
0.2003524
0.2003524
0.1920028
0.17328
0.1528525
0.1521094
0.1513441
0.1513441
0.1507683
0.1407062
0.1385292
0.1385826
0.1513877
0.2000278
0.2537294
0.2677076
0.2665767
0.2692189
0.2692189
0.2616605
0.2064993
0.1651217
0.1549867
0.1547187
0.1565244
0.1708052
0.2208764
0.2454936
0.2502196
0.250854
0.2469063
0.2114472
0.1891526
0.1778782
0.179311
0.1793476
0.1845239
0.2636012
0.3113545
0.3195533
0.3071027
0.3050628
0.2735887
0.1838426
0.1733593
0.2004091
0.2004091
0.2003588
0.3023206
0.4425017
0.4878037
0.4878037
0.4708066
0.4519641
0.2617864
0.2019666
0.2002828
0.2002828
0.2288431
0.2849969
0.3188422
0.3349327
0.3349327
0.3351191
0.292426
0.2247114
0.1172789
0.1153167
0.1027114
0.1021222
0.1251248
0.2058723
0.2298445
0.2325642
0.232963
0.2328996
0.2119368
0.1178728
0.08576452
0.08576452
0.08586028
0.09488729
0.1180305
0.1571613
0.1582814
0.1582814
0.168786
0.1941543
0.2556728
0.2848263
0.2848263
0.3023162
0.3024765
0.2414572
0.1849703
0.1120813
0.1041044
0.1044007
0.1047908
0.1047908
0.09844954
0.09805066
0.09805066
0.09811412
0.09994212
0.1025715
0.09806904
0.09806903
0.09813046
0.09803984
0.09803984
0.09806088
0.09802035
0.09802036
0.09796938
0.09802742
0.09802741
0.1104244
0.1337684
0.134864
0.1348953
0.1493056
0.163911
0.1897339
0.2336849
0.2688969
0.2603537
0.2426292
0.1708576
0.1675978
0.1776183
0.2004675
0.1980037
0.1616679
0.1447068
0.1585915
0.2210788
0.2326754
0.2371763
0.2742029
0.2994741
0.3087451
0.3327331
0.3142755
0.280712
0.186721
0.1674769
0.1674161
0.2159522
0.2245344
0.1876499
0.139025
0.09806664
0.1280922
0.161816
0.150984
0.1250931
0.1123157
0.1104091
0.1185313
0.131846
0.1348842
0.1715186
0.1879452
0.27472
0.4068551
0.4374904
0.373442
0.3419144
0.3349343
0.2835793
0.2034079
0.1676232
0.1208944
0.07861394
0.07180151
0.07459166
0.07351557
0.09237231
0.1296338
0.1348676
0.1348202
0.1105648
0.07811025
0.09857754
0.1142252
0.13167
0.1199421
0.109795
0.1012988
0.1081829
0.1103402
0.1055908
0.1679804
0.22105
0.2632809
0.2632809
0.2607875
0.2754052
0.3058574
0.3156868
0.2915677
0.2038074
0.1827352
0.1827352
0.1749054
0.1608158
0.1515906
0.1407683
0.1380562
0.1267508
0.1217088
0.1329477
0.2171522
0.2327187
0.2310578
0.2095123
0.1925264
0.1957632
0.2005466
0.2143332
0.2152207
0.2152207
0.2139907
0.1983125
0.1758719
0.1707176
0.1612266
0.1702954
0.1747889
0.1775479
0.1855651
0.1843255
0.1505483
0.1379922
0.1346326
0.1185108
0.1226601
0.1323004
0.1529986
0.1870411
0.1906901
0.2132114
0.2138947
0.1832106
0.1073645
0.09814932
0.1049545
0.1084294
0.1066386
0.09238382
0.0927885
0.08578994
0.08866157
0.09413617
0.09810873
0.2649154
0.3474977
0.3635079
0.4079882
0.4295571
0.3849278
0.3535883
0.2518533
0.2210648
0.1675011
0.1697451
0.1906576
0.2326877
0.2307677
0.1953938
0.1617189
0.134841
0.1446875
0.1575738
0.1654296
0.151915
0.1356123
0.1473776
0.1703196
0.1757738
0.1512109
0.1415315
0.1328804
0.1462339
0.1430539
0.1415336
0.124754
0.1165448
0.1185995
0.1231577
0.1278082
0.1237727
0.1226958
0.1226949
0.1235454
0.1257815
0.134934
0.1348749
0.1348731
0.1348258
0.1346703
0.1346703
0.134699
0.134825
0.132969
0.1196208
0.1092302
0.09808403
0.09806233
0.1069205
0.131612
0.1676024
0.1676024
0.1676392
0.1515496
0.1582595
0.1634896
0.1753543
0.1853462
0.1907005
0.1908033
0.1907718
0.1655617
0.1448205
0.1347447
0.1348373
0.1348373
0.1341435
0.1240116
0.1126783
0.1063982
0.1067121
0.1147333
0.1185695
0.1185695
0.1184685
0.1185106
0.121442
0.1226909
0.1216124
0.1157993
0.1157133
0.1349591
0.1349591
0.1348205
0.1957974
0.2354806
0.2929655
0.2929655
0.2926815
0.2926815
0.2737868
0.2698046
0.2695729
0.2695729
0.2697944
0.2572576
0.217847
0.1649216
0.1617789
0.1579284
0.1531112
0.1351369
0.1066546
0.1066546
0.09927478
0.09960195
0.1137434
0.1540407
0.1761993
0.173592
0.1755649
0.1721439
0.3630669
0.4839898
0.5028012
0.5022982
0.4771021
0.4491062
0.4374086
0.4370935
0.4374492
0.4374492
0.4159531
0.3684678
0.347583
0.3472399
0.3444406
0.3352069
0.3367759
0.3616782
0.4188234
0.4544093
0.4698296
0.4583974
0.4305011
0.4305011
0.4220346
0.3978393
0.4019538
0.400487
0.3701054
0.2200621
0.1862092
0.1304187
0.1233778
0.1262801
0.1171962
0.1098876
0.10486
0.10486
0.1049695
0.1049695
0.1002745
0.0980761
0.09807611
0.09802438
0.09803037
0.09803037
0.09804455
0.09798191
0.0979819
0.09801049
0.1304454
0.1903308
0.2306007
0.2330138
0.2330138
0.2330138
0.2330832
0.1917077
0.1546868
0.09813098
0.09812154
0.09812154
0.1284407
0.1798191
0.2010881
0.2044435
0.227632
0.227632
0.2246846
0.2079109
0.1796433
0.1676173
0.1675403
0.1675403
0.1691285
0.1741679
0.17586
0.1759537
0.1759537
0.1727132
0.1572876
0.1348161
0.1348161
0.1348739
0.1348739
0.1601272
0.1675482
0.1675482
0.1720989
0.1797647
0.1797647
0.1798342
0.219911
0.2370014
0.240977
0.2409727
0.23282
0.1766113
0.1271877
0.1248188
0.1173462
0.1205591
0.1275472
0.1394252
0.1643136
0.1647319
0.1665566
0.1838599
0.2343051
0.2699638
0.2779854
0.2818357
0.2957334
0.2567348
0.2453894
0.2174821
0.2113546
0.2122263
0.2122273
0.2032561
0.1856729
0.1450284
0.1226528
0.1226528
0.1270672
0.1336734
0.1484607
0.152431
0.1517237
0.1517237
0.1465366
0.1378788
0.1308079
0.1307336
0.1307336
0.1265601
0.121584
0.1163153
0.1103793
0.1213606
0.1348892
0.1437563
0.1715819
0.199191
0.2065654
0.2089568
0.1985475
0.2116815
0.2646763
0.2947361
0.3062053
0.3283241
0.3286608
0.2691301
0.1953004
0.1703165
0.1654207
0.1551446
0.1645199
0.1645944
0.1725701
0.1757324
0.1717902
0.1709203
0.1699546
0.1607332
0.1589529
0.158951
0.1612389
0.161102
0.1762076
0.189888
0.2047462
0.2083017
0.2068618
0.1992443
0.1979418
0.2003352
0.2003352
0.2003717
0.2003717
0.2104488
0.2125103
0.2125405
0.2125405
0.2114487
0.1973277
0.1835133
0.1787143
0.1753204
0.1644049
0.1613915
0.1630711
0.162213
0.1655169
0.1673522
0.1674907
0.1616467
0.1673174
0.2024407
0.2409442
0.2409125
0.2427379
0.2446406
0.2025236
0.1441985
0.1349607
0.1348498
0.1282161
0.1220679
0.1280986
0.160208
0.1636231
0.1857473
0
0
0
0
0
0
0
0
0
0
0
0
0
0
0
0
0
0
0
0
0
0
0
0
0
0
0
0
0
0
0
0
0
0
0
0
0
0
0
0
0
0
0
0
0
0
0
0
0
0
0
0
0
0
0
0
0
0
0
0
0
0
0
0
0
0
0
0
0
0
0
0
0
0
0
0
0
0
0
0
0
0
0
0
0
0
0
0
0
0
0
0
0
0
0
0
0
0
0
0
0
0
0
0
0
0
0
0
0
0
0
0
0
0
0
0
0
0
0
0
0
0
0
0
0
0
0
0
0
0
0
0
0
0
0
0
0
0
0
0
0
0
0
0
0
0
0
0
0
0
0
0
0
0
0
0
0
0
0
0
0
0
0
0
0
0
0
0
0
0
0
0
0
0
0
0
0
0
0
0
0
0
0
0
0
